#Data fitted with model: Rod_Sphere on Sun Nov 12 10:58:21 2017
#[[Fit Statistics]]
#    # function evals   = 18
#    # data points      = 855
#    # variables        = 2
#    chi-square         = 3.608
#    reduced chi-square = 0.004
#    Akaike info crit   = -4671.179
#    Bayesian info crit = -4661.676
#[[Variables]]
#    R:      12 (fixed)
#    Rsig:   0.22120904 +/- 0.001440 (0.65%) (init= 0.1563)
#    qc:     0.001 (fixed)
#    norm:   2.9143e-07 +/- 1.50e-09 (0.52%) (init= 2.198e-07)
#    bkg:    0 (fixed)
#[[Correlations]] (unreported correlations are <  0.100)
#    C(Rsig, norm)                = -0.926 
#x 	 y	 yerr 	 yfit
1.009999999999999960e-02 1.398000000000000076e-01 2.962000000000000050e-02 1.320223940296701426e-01
1.030000000000000013e-02 1.386199999999999932e-01 2.978700000000000098e-02 1.319675763360972642e-01
1.060000000000000005e-02 1.370000000000000107e-01 2.985300000000000106e-02 1.318869357561800182e-01
1.089999999999999997e-02 1.386600000000000055e-01 3.008900000000000116e-02 1.318078883154199521e-01
1.119999999999999989e-02 1.405099999999999960e-01 3.007999999999999910e-02 1.317301281507872457e-01
1.149999999999999981e-02 1.397899999999999976e-01 2.992300000000000168e-02 1.316533893795108767e-01
1.170000000000000033e-02 1.342399999999999982e-01 2.994499999999999940e-02 1.316026818424804179e-01
1.200000000000000025e-02 1.311299999999999966e-01 2.972100000000000089e-02 1.315271443133595730e-01
1.230000000000000017e-02 1.326299999999999979e-01 2.999200000000000130e-02 1.314520716262186362e-01
1.260000000000000009e-02 1.341100000000000070e-01 2.988299999999999984e-02 1.313772998598595476e-01
1.290000000000000001e-02 1.374700000000000089e-01 2.983699999999999894e-02 1.313026842996524723e-01
1.310000000000000053e-02 1.344499999999999862e-01 2.949999999999999845e-02 1.312529634932710632e-01
1.340000000000000045e-02 1.364499999999999880e-01 2.953000000000000069e-02 1.311783307678813237e-01
1.370000000000000037e-02 1.374499999999999889e-01 2.966600000000000140e-02 1.311035436716475600e-01
1.400000000000000029e-02 1.368300000000000072e-01 2.974399999999999961e-02 1.310285084745797246e-01
1.430000000000000021e-02 1.341700000000000115e-01 3.005800000000000138e-02 1.309531414587964682e-01
1.450000000000000074e-02 1.309800000000000131e-01 3.010900000000000035e-02 1.309026751059164384e-01
1.480000000000000066e-02 1.302800000000000069e-01 2.962599999999999956e-02 1.308265924021453919e-01
1.510000000000000057e-02 1.293799999999999950e-01 2.957399999999999959e-02 1.307499947931323181e-01
1.540000000000000049e-02 1.297300000000000120e-01 2.945100000000000148e-02 1.306728260119397467e-01
1.569999999999999868e-02 1.274200000000000055e-01 2.914500000000000077e-02 1.305950353661017305e-01
1.590000000000000094e-02 1.251599999999999935e-01 2.927899999999999947e-02 1.305428066810919718e-01
1.619999999999999912e-02 1.263799999999999923e-01 2.923100000000000004e-02 1.304638801517093161e-01
1.650000000000000078e-02 1.258900000000000019e-01 2.948900000000000132e-02 1.303842193575792396e-01
1.679999999999999896e-02 1.284200000000000064e-01 2.941399999999999917e-02 1.303037893056478991e-01
1.710000000000000062e-02 1.301100000000000034e-01 2.930900000000000172e-02 1.302225582807818027e-01
1.739999999999999880e-02 1.291200000000000125e-01 2.948999999999999885e-02 1.301404975116445262e-01
1.760000000000000106e-02 1.265100000000000113e-01 2.970199999999999924e-02 1.300853163623953146e-01
1.789999999999999925e-02 1.267699999999999938e-01 3.008500000000000063e-02 1.300018158263467616e-01
1.820000000000000090e-02 1.291299999999999948e-01 2.975600000000000120e-02 1.299174210804219243e-01
1.849999999999999908e-02 1.316599999999999993e-01 2.972500000000000142e-02 1.298321118731286250e-01
1.880000000000000074e-02 1.348499999999999976e-01 2.967099999999999946e-02 1.297458697828508534e-01
1.899999999999999953e-02 1.347899999999999932e-01 2.957999999999999866e-02 1.296878484472911430e-01
1.930000000000000118e-02 1.302899999999999892e-01 2.938299999999999940e-02 1.296000150589429467e-01
1.959999999999999937e-02 1.289899999999999936e-01 2.898900000000000088e-02 1.295112073845424705e-01
1.990000000000000102e-02 1.280100000000000127e-01 2.905200000000000143e-02 1.294214124016788425e-01
2.019999999999999921e-02 1.286299999999999943e-01 2.888800000000000048e-02 1.293306182710335372e-01
2.040000000000000147e-02 1.239100000000000062e-01 2.859799999999999842e-02 1.292695284147837853e-01
2.069999999999999965e-02 1.237199999999999966e-01 2.844700000000000006e-02 1.291770456274537460e-01
2.100000000000000130e-02 1.239100000000000062e-01 2.857499999999999971e-02 1.290835371721428537e-01
2.129999999999999949e-02 1.247100000000000014e-01 2.901700000000000113e-02 1.289889947610357024e-01
2.160000000000000114e-02 1.252999999999999947e-01 2.970199999999999924e-02 1.288934108985939353e-01
2.179999999999999993e-02 1.238599999999999979e-01 2.936400000000000121e-02 1.288291063703110584e-01
2.210000000000000159e-02 1.244600000000000012e-01 2.906299999999999856e-02 1.287317720563619372e-01
2.239999999999999977e-02 1.237700000000000050e-01 2.922399999999999998e-02 1.286333797220728659e-01
2.270000000000000143e-02 1.240799999999999959e-01 2.931999999999999884e-02 1.285339242878471289e-01
2.299999999999999961e-02 1.252800000000000025e-01 2.930400000000000019e-02 1.284334012219097154e-01
2.319999999999999840e-02 1.270799999999999985e-01 2.946800000000000114e-02 1.283657907091236283e-01
2.350000000000000006e-02 1.265100000000000113e-01 2.959600000000000078e-02 1.282634795501376157e-01
2.380000000000000171e-02 1.248900000000000010e-01 2.933799999999999950e-02 1.281600910623351131e-01
2.409999999999999989e-02 1.234200000000000019e-01 2.912100000000000105e-02 1.280556224089068884e-01
2.440000000000000155e-02 1.227099999999999996e-01 2.900799999999999906e-02 1.279500711432367543e-01
2.460000000000000034e-02 1.234200000000000019e-01 2.901799999999999866e-02 1.278791011389210086e-01
2.489999999999999852e-02 1.247999999999999943e-01 2.879900000000000168e-02 1.277717410608169013e-01
2.520000000000000018e-02 1.280000000000000027e-01 2.914800000000000030e-02 1.276632935626032805e-01
2.549999999999999836e-02 1.297899999999999887e-01 2.887199999999999836e-02 1.275537574215123426e-01
2.580000000000000002e-02 1.311799999999999911e-01 2.881399999999999934e-02 1.274431317005371433e-01
2.610000000000000167e-02 1.287200000000000011e-01 2.907099999999999962e-02 1.273314157309098638e-01
2.630000000000000046e-02 1.213700000000000057e-01 2.916600000000000095e-02 1.272563325084472008e-01
2.659999999999999865e-02 1.144799999999999984e-01 2.903000000000000025e-02 1.271427986495011764e-01
2.690000000000000030e-02 1.136999999999999955e-01 2.878899999999999862e-02 1.270281739510401575e-01
2.719999999999999848e-02 1.110700000000000021e-01 2.854699999999999946e-02 1.269124585988708198e-01
2.750000000000000014e-02 1.098299999999999971e-01 2.828100000000000058e-02 1.267956529815883193e-01
2.769999999999999893e-02 1.162900000000000045e-01 2.821200000000000097e-02 1.267171771461811369e-01
2.800000000000000058e-02 1.217599999999999932e-01 2.825599999999999987e-02 1.265985557996415767e-01
2.829999999999999877e-02 1.262500000000000011e-01 2.862699999999999967e-02 1.264788461332314873e-01
2.860000000000000042e-02 1.236799999999999983e-01 2.883600000000000052e-02 1.263580491895035518e-01
2.889999999999999861e-02 1.199699999999999933e-01 2.861999999999999961e-02 1.262361661681470903e-01
2.910000000000000087e-02 1.202600000000000058e-01 2.884600000000000011e-02 1.261543081043363657e-01
2.939999999999999905e-02 1.222000000000000031e-01 2.858700000000000130e-02 1.260306180215685079e-01
2.970000000000000070e-02 1.180199999999999999e-01 2.830999999999999836e-02 1.259058457702105227e-01
2.999999999999999889e-02 1.184700000000000059e-01 2.849600000000000050e-02 1.257799930625615181e-01
3.030000000000000054e-02 1.204100000000000031e-01 2.889200000000000101e-02 1.256530617355523793e-01
3.049999999999999933e-02 1.235399999999999970e-01 2.890300000000000161e-02 1.255678425790309749e-01
3.080000000000000099e-02 1.171600000000000003e-01 2.873600000000000113e-02 1.254391179557765024e-01
3.109999999999999917e-02 1.157399999999999957e-01 2.891399999999999873e-02 1.253093201788158806e-01
3.139999999999999736e-02 1.191299999999999998e-01 2.887199999999999836e-02 1.251784514960846417e-01
3.169999999999999901e-02 1.186799999999999938e-01 2.884700000000000111e-02 1.250465142565504173e-01
3.189999999999999780e-02 1.200900000000000023e-01 2.924300000000000163e-02 1.249579636581374942e-01
3.219999999999999946e-02 1.224599999999999994e-01 2.929299999999999959e-02 1.248242509717858717e-01
3.250000000000000111e-02 1.219900000000000012e-01 2.924399999999999916e-02 1.246894764554683649e-01
3.280000000000000276e-02 1.180400000000000060e-01 2.883499999999999952e-02 1.245536427947070840e-01
3.309999999999999748e-02 1.143600000000000033e-01 2.859899999999999942e-02 1.244167527585962191e-01
3.330000000000000321e-02 1.130700000000000038e-01 2.845900000000000166e-02 1.243249072632855584e-01
3.359999999999999792e-02 1.120799999999999991e-01 2.834499999999999867e-02 1.241862629722739475e-01
3.389999999999999958e-02 1.168799999999999978e-01 2.856600000000000111e-02 1.240465700754905115e-01
3.420000000000000123e-02 1.216200000000000059e-01 2.902000000000000066e-02 1.239058316230050028e-01
3.450000000000000289e-02 1.221499999999999947e-01 2.912500000000000158e-02 1.237640507353010844e-01
3.479999999999999760e-02 1.200900000000000023e-01 2.904899999999999843e-02 1.236212306008893091e-01
3.500000000000000333e-02 1.226099999999999968e-01 2.880699999999999927e-02 1.235254414230758657e-01
3.529999999999999805e-02 1.238699999999999940e-01 2.844800000000000106e-02 1.233808964740549935e-01
3.559999999999999970e-02 1.243100000000000038e-01 2.869899999999999882e-02 1.232353210967999241e-01
3.590000000000000135e-02 1.234299999999999981e-01 2.897699999999999929e-02 1.230887187108241493e-01
3.620000000000000301e-02 1.217300000000000049e-01 2.892600000000000032e-02 1.229410927941012172e-01
3.640000000000000180e-02 1.166900000000000021e-01 2.855399999999999952e-02 1.228421086313289945e-01
3.670000000000000345e-02 1.157399999999999957e-01 2.833700000000000108e-02 1.226927847121001142e-01
3.699999999999999817e-02 1.221600000000000047e-01 2.875399999999999831e-02 1.225424468094174490e-01
3.729999999999999982e-02 1.254800000000000082e-01 2.914299999999999877e-02 1.223910986011983726e-01
3.760000000000000148e-02 1.225300000000000000e-01 2.942099999999999924e-02 1.222387438163126394e-01
3.780000000000000027e-02 1.185800000000000048e-01 2.915299999999999836e-02 1.221366166143531273e-01
3.810000000000000192e-02 1.170100000000000029e-01 2.921699999999999992e-02 1.219825926220554080e-01
3.839999999999999664e-02 1.136000000000000065e-01 2.890900000000000067e-02 1.218275722354173474e-01
3.869999999999999829e-02 1.134399999999999992e-01 2.884899999999999964e-02 1.216715593586519123e-01
3.899999999999999994e-02 1.168499999999999955e-01 2.862299999999999914e-02 1.215145579409203647e-01
3.919999999999999873e-02 1.183199999999999946e-01 2.855200000000000099e-02 1.214093431097452019e-01
3.950000000000000039e-02 1.180500000000000022e-01 2.840799999999999922e-02 1.212507030181710216e-01
3.980000000000000204e-02 1.186699999999999977e-01 2.865499999999999992e-02 1.210910851280268818e-01
4.009999999999999676e-02 1.212099999999999983e-01 2.906800000000000009e-02 1.209304935439638601e-01
4.039999999999999841e-02 1.218599999999999961e-01 2.904699999999999990e-02 1.207689324106898943e-01
4.059999999999999720e-02 1.178600000000000064e-01 2.850300000000000056e-02 1.206606884145641767e-01
4.089999999999999886e-02 1.135599999999999943e-01 2.853299999999999934e-02 1.204975206822585104e-01
4.120000000000000051e-02 1.066200000000000064e-01 2.852499999999999827e-02 1.203333946421524525e-01
4.150000000000000216e-02 1.076600000000000057e-01 2.874300000000000119e-02 1.201683145781173578e-01
4.179999999999999688e-02 1.127100000000000046e-01 2.865300000000000138e-02 1.200022848100200656e-01
4.200000000000000261e-02 1.170599999999999974e-01 2.876799999999999843e-02 1.198910728338173637e-01
4.229999999999999732e-02 1.218599999999999961e-01 2.914200000000000124e-02 1.197234699206149583e-01
4.259999999999999898e-02 1.224200000000000010e-01 2.939399999999999999e-02 1.195549289931007453e-01
4.290000000000000063e-02 1.216700000000000004e-01 2.957500000000000059e-02 1.193854544966240494e-01
4.320000000000000229e-02 1.184700000000000059e-01 2.890300000000000161e-02 1.192150509090934146e-01
4.349999999999999700e-02 1.180299999999999960e-01 2.894499999999999851e-02 1.190437227403069176e-01
4.370000000000000273e-02 1.185900000000000010e-01 2.903999999999999984e-02 1.189289925460837727e-01
4.399999999999999745e-02 1.203899999999999970e-01 2.908499999999999974e-02 1.187561335148732411e-01
4.429999999999999910e-02 1.202600000000000058e-01 2.873300000000000159e-02 1.185823620795587174e-01
4.460000000000000075e-02 1.151800000000000046e-01 2.852899999999999880e-02 1.184076828614516602e-01
4.490000000000000241e-02 1.136100000000000027e-01 2.867199999999999957e-02 1.182321005108793593e-01
4.510000000000000120e-02 1.163399999999999990e-01 2.852800000000000127e-02 1.181145461795913842e-01
4.540000000000000285e-02 1.189500000000000002e-01 2.858199999999999977e-02 1.179374690193176894e-01
4.569999999999999757e-02 1.150599999999999956e-01 2.848699999999999843e-02 1.177595012650318046e-01
4.599999999999999922e-02 1.096700000000000036e-01 2.822399999999999909e-02 1.175806476687021040e-01
4.630000000000000088e-02 1.116000000000000048e-01 2.844999999999999959e-02 1.174009130087834141e-01
4.649999999999999967e-02 1.147900000000000031e-01 2.888299999999999895e-02 1.172806027939062995e-01
4.680000000000000132e-02 1.164400000000000018e-01 2.912599999999999911e-02 1.170994103838043782e-01
4.710000000000000298e-02 1.155899999999999983e-01 2.913900000000000171e-02 1.169173497783445176e-01
4.739999999999999769e-02 1.153399999999999981e-01 2.929599999999999912e-02 1.167344258488634684e-01
4.769999999999999934e-02 1.147600000000000009e-01 2.910400000000000140e-02 1.165506434909221456e-01
4.789999999999999813e-02 1.156100000000000044e-01 2.932099999999999984e-02 1.164276474425945673e-01
4.819999999999999979e-02 1.141699999999999937e-01 2.922699999999999951e-02 1.162424453139287855e-01
4.850000000000000144e-02 1.146900000000000003e-01 2.894800000000000151e-02 1.160563979266199530e-01
4.880000000000000310e-02 1.126199999999999979e-01 2.877000000000000043e-02 1.158695102612154748e-01
4.909999999999999781e-02 1.100700000000000012e-01 2.832900000000000001e-02 1.156817873204325914e-01
4.929999999999999660e-02 1.103699999999999959e-01 2.817499999999999866e-02 1.155561771317035608e-01
4.959999999999999826e-02 1.144899999999999946e-01 2.797699999999999840e-02 1.153670732413320799e-01
4.989999999999999991e-02 1.138699999999999990e-01 2.800599999999999964e-02 1.151771475213915763e-01
5.020000000000000157e-02 1.116999999999999937e-01 2.815700000000000147e-02 1.149864050523669856e-01
5.050000000000000322e-02 1.106800000000000006e-01 2.828400000000000011e-02 1.147948509350219387e-01
5.079999999999999793e-02 1.086899999999999950e-01 2.822799999999999962e-02 1.146024902900114467e-01
5.099999999999999672e-02 1.069900000000000018e-01 2.801400000000000071e-02 1.144738043266404909e-01
5.129999999999999838e-02 1.034199999999999980e-01 2.768699999999999981e-02 1.142801109009053268e-01
5.160000000000000003e-02 1.038599999999999940e-01 2.826199999999999893e-02 1.140856246969441934e-01
5.190000000000000169e-02 1.096700000000000036e-01 2.847900000000000084e-02 1.138903509051205493e-01
5.220000000000000334e-02 1.111400000000000027e-01 2.851599999999999968e-02 1.136942947339517895e-01
5.240000000000000213e-02 1.110499999999999959e-01 2.848300000000000137e-02 1.135631585448210606e-01
5.269999999999999685e-02 1.125199999999999950e-01 2.848900000000000043e-02 1.133658100307321365e-01
5.299999999999999850e-02 1.086700000000000027e-01 2.833099999999999855e-02 1.131676931127154478e-01
5.330000000000000016e-02 1.060900000000000037e-01 2.800899999999999918e-02 1.129688130628156151e-01
5.360000000000000181e-02 1.071000000000000008e-01 2.758999999999999994e-02 1.127691751695925060e-01
5.380000000000000060e-02 1.086799999999999988e-01 2.760500000000000106e-02 1.126356648356752893e-01
5.410000000000000225e-02 1.097100000000000020e-01 2.803999999999999895e-02 1.124347756663813813e-01
5.439999999999999697e-02 1.116499999999999992e-01 2.806200000000000014e-02 1.122331428347550508e-01
5.469999999999999862e-02 1.132699999999999957e-01 2.833199999999999955e-02 1.120307716870275749e-01
5.500000000000000028e-02 1.097199999999999981e-01 2.878500000000000156e-02 1.118276675843861701e-01
5.519999999999999907e-02 1.082300000000000068e-01 2.868400000000000116e-02 1.116918603062504317e-01
5.550000000000000072e-02 1.050600000000000006e-01 2.877199999999999896e-02 1.114875465654289327e-01
5.580000000000000238e-02 1.085200000000000053e-01 2.916300000000000142e-02 1.112825142368497611e-01
5.609999999999999709e-02 1.058800000000000019e-01 2.883199999999999999e-02 1.110767687337799875e-01
5.639999999999999875e-02 1.087499999999999994e-01 2.892499999999999932e-02 1.108703154829495524e-01
5.659999999999999754e-02 1.115199999999999941e-01 2.911400000000000099e-02 1.107322894750241843e-01
5.689999999999999919e-02 1.120600000000000068e-01 2.865099999999999938e-02 1.105246687395678301e-01
5.720000000000000084e-02 1.107899999999999996e-01 2.867600000000000010e-02 1.103163547910774728e-01
5.750000000000000250e-02 1.088200000000000001e-01 2.886800000000000130e-02 1.101073531029888031e-01
5.779999999999999721e-02 1.087899999999999978e-01 2.851300000000000015e-02 1.098976691607603945e-01
5.800000000000000294e-02 1.068199999999999983e-01 2.851599999999999968e-02 1.097575035500470975e-01
5.829999999999999766e-02 1.069100000000000050e-01 2.843700000000000047e-02 1.095466947391919021e-01
5.859999999999999931e-02 1.044199999999999989e-01 2.812900000000000122e-02 1.093352183585731968e-01
5.890000000000000097e-02 1.051300000000000012e-01 2.772499999999999964e-02 1.091230799351625425e-01
5.920000000000000262e-02 1.046600000000000030e-01 2.735399999999999984e-02 1.089102850065602202e-01
5.949999999999999734e-02 1.073599999999999971e-01 2.759400000000000047e-02 1.086968391207018131e-01
5.970000000000000306e-02 1.085799999999999960e-01 2.798199999999999993e-02 1.085541829648191542e-01
5.999999999999999778e-02 1.103800000000000059e-01 2.884000000000000105e-02 1.083396645060930030e-01
6.029999999999999943e-02 1.089699999999999974e-01 2.898200000000000082e-02 1.081245099329190135e-01
6.060000000000000109e-02 1.080200000000000049e-01 2.816600000000000006e-02 1.079087248286440676e-01
6.090000000000000274e-02 1.061300000000000021e-01 2.776500000000000148e-02 1.076923147856023583e-01
6.110000000000000153e-02 1.038499999999999979e-01 2.807700000000000126e-02 1.075476970009651978e-01
6.140000000000000319e-02 1.028199999999999947e-01 2.844299999999999953e-02 1.073302578442300315e-01
6.169999999999999790e-02 1.013399999999999995e-01 2.842700000000000088e-02 1.071122087033974102e-01
6.199999999999999956e-02 9.957199999999999385e-02 2.820500000000000090e-02 1.068935552013315360e-01
6.230000000000000121e-02 1.055999999999999994e-01 2.800700000000000064e-02 1.066743029685682659e-01
6.250000000000000000e-02 1.126400000000000040e-01 2.820800000000000043e-02 1.065278049690945306e-01
6.279999999999999472e-02 1.123200000000000032e-01 2.819899999999999837e-02 1.063075673840946089e-01
6.310000000000000331e-02 1.094500000000000056e-01 2.809700000000000045e-02 1.060867461185564797e-01
6.339999999999999802e-02 1.095000000000000001e-01 2.808799999999999839e-02 1.058653468287777677e-01
6.370000000000000662e-02 1.081199999999999939e-01 2.818800000000000125e-02 1.056433751774414204e-01
6.389999999999999847e-02 1.078299999999999953e-01 2.817800000000000166e-02 1.054950788970695358e-01
6.419999999999999318e-02 1.087999999999999939e-01 2.812800000000000022e-02 1.052721659100252921e-01
6.450000000000000178e-02 1.089100000000000068e-01 2.778500000000000067e-02 1.050486956910634817e-01
6.479999999999999649e-02 1.131000000000000061e-01 2.787699999999999900e-02 1.048246739239617198e-01
6.510000000000000508e-02 1.123900000000000038e-01 2.775999999999999995e-02 1.046001062976226886e-01
6.529999999999999694e-02 1.105000000000000010e-01 2.768199999999999827e-02 1.044500941031405311e-01
6.560000000000000553e-02 1.097000000000000058e-01 2.740899999999999934e-02 1.042246293664893242e-01
6.590000000000000024e-02 1.112100000000000033e-01 2.756099999999999869e-02 1.039986339640421587e-01
6.619999999999999496e-02 1.145199999999999968e-01 2.783800000000000163e-02 1.037721136012220019e-01
6.650000000000000355e-02 1.155899999999999983e-01 2.801899999999999877e-02 1.035450739873420428e-01
6.669999999999999540e-02 1.161399999999999932e-01 2.840700000000000169e-02 1.033934285930086239e-01
6.700000000000000400e-02 1.146999999999999964e-01 2.842099999999999835e-02 1.031655362577952317e-01
6.729999999999999871e-02 1.113600000000000007e-01 2.881099999999999980e-02 1.029371399133883064e-01
6.759999999999999343e-02 1.073999999999999955e-01 2.917499999999999954e-02 1.027082452811339669e-01
6.790000000000000202e-02 1.096300000000000052e-01 2.894800000000000151e-02 1.024788580850557185e-01
6.819999999999999674e-02 1.113399999999999945e-01 2.890300000000000161e-02 1.022489840515978105e-01
6.840000000000000246e-02 1.105600000000000055e-01 2.882799999999999946e-02 1.020954670596097291e-01
6.869999999999999718e-02 1.122400000000000064e-01 2.913999999999999924e-02 1.018647943617155549e-01
6.900000000000000577e-02 1.152399999999999952e-01 2.906200000000000103e-02 1.016336501068522413e-01
6.930000000000000049e-02 1.114300000000000013e-01 2.881699999999999887e-02 1.014020400281586964e-01
6.959999999999999520e-02 1.070099999999999940e-01 2.866199999999999998e-02 1.011699698600091180e-01
6.980000000000000093e-02 1.074999999999999983e-01 2.877199999999999896e-02 1.010150036415652930e-01
7.009999999999999565e-02 1.101199999999999957e-01 2.924900000000000069e-02 1.007821794032682794e-01
7.040000000000000424e-02 1.079800000000000065e-01 2.950699999999999851e-02 1.005489103713106819e-01
7.069999999999999896e-02 1.021500000000000047e-01 2.917300000000000101e-02 1.003152022824534140e-01
7.099999999999999367e-02 1.005599999999999966e-01 2.898500000000000035e-02 1.000810608735288182e-01
7.119999999999999940e-02 1.002099999999999935e-01 2.833000000000000101e-02 9.992472870047300337e-02
7.149999999999999412e-02 1.022499999999999937e-01 2.799400000000000152e-02 9.968987783936369973e-02
7.180000000000000271e-02 1.033499999999999974e-01 2.811200000000000157e-02 9.945460895488060504e-02
7.209999999999999742e-02 1.053100000000000008e-01 2.826899999999999899e-02 9.921892778201361895e-02
7.240000000000000602e-02 1.044599999999999973e-01 2.812600000000000169e-02 9.898284005468083180e-02
7.259999999999999787e-02 1.011900000000000022e-01 2.824300000000000074e-02 9.882522520384386111e-02
7.290000000000000646e-02 1.000299999999999939e-01 2.812200000000000116e-02 9.858847262409728418e-02
7.320000000000000118e-02 9.692399999999999627e-02 2.779900000000000079e-02 9.835132877325569734e-02
7.349999999999999589e-02 9.222900000000000542e-02 2.743200000000000152e-02 9.811379937924362415e-02
7.380000000000000449e-02 9.327100000000000668e-02 2.713300000000000087e-02 9.787589016779248141e-02
7.399999999999999634e-02 9.283099999999999685e-02 2.705799999999999872e-02 9.771707584356527365e-02
7.430000000000000493e-02 9.325600000000000556e-02 2.721200000000000008e-02 9.747854632018795873e-02
7.459999999999999964e-02 9.274200000000000499e-02 2.756099999999999869e-02 9.723965223546368608e-02
7.489999999999999436e-02 9.645399999999999807e-02 2.771500000000000005e-02 9.700039930505796604e-02
7.520000000000000295e-02 9.841500000000000248e-02 2.795399999999999968e-02 9.676079324134301274e-02
7.549999999999999767e-02 9.576300000000000090e-02 2.831699999999999842e-02 9.652083975316520792e-02
7.570000000000000340e-02 9.685900000000000065e-02 2.853999999999999940e-02 9.636068056494569156e-02
7.599999999999999811e-02 1.020699999999999941e-01 2.874799999999999925e-02 9.612016071201116840e-02
7.630000000000000671e-02 1.018499999999999961e-01 2.823200000000000015e-02 9.587930863920637869e-02
7.660000000000000142e-02 9.827800000000000424e-02 2.763200000000000031e-02 9.563813004047330701e-02
7.689999999999999614e-02 9.405700000000000172e-02 2.763900000000000037e-02 9.539663060515474191e-02
7.710000000000000187e-02 9.541499999999999981e-02 2.807600000000000026e-02 9.523545554643571276e-02
7.739999999999999658e-02 1.036900000000000044e-01 2.808199999999999932e-02 9.499343401324759906e-02
7.770000000000000517e-02 1.038400000000000017e-01 2.814300000000000135e-02 9.475110679084562670e-02
7.799999999999999989e-02 1.023600000000000065e-01 2.834899999999999920e-02 9.450847954977353860e-02
7.829999999999999460e-02 9.881600000000000106e-02 2.804600000000000148e-02 9.426555795492470857e-02
7.850000000000000033e-02 9.673900000000000554e-02 2.776700000000000002e-02 9.410344948997614867e-02
7.879999999999999505e-02 9.712300000000000100e-02 2.782000000000000098e-02 9.386004987810156464e-02
7.910000000000000364e-02 9.669700000000000517e-02 2.827199999999999852e-02 9.361637098952281522e-02
7.939999999999999836e-02 9.400000000000000022e-02 2.837399999999999992e-02 9.337241846652262478e-02
7.969999999999999307e-02 9.236199999999999966e-02 2.833199999999999955e-02 9.312819794470533763e-02
7.989999999999999880e-02 8.998399999999999455e-02 2.796999999999999834e-02 9.296523815516163913e-02
8.019999999999999352e-02 9.281100000000000461e-02 2.770600000000000146e-02 9.272058347338797690e-02
8.050000000000000211e-02 9.443100000000000105e-02 2.768199999999999827e-02 9.247567578677763633e-02
8.079999999999999682e-02 9.563399999999999679e-02 2.778800000000000020e-02 9.223052070459722418e-02
8.110000000000000542e-02 9.792099999999999416e-02 2.758499999999999841e-02 9.198512382843093693e-02
8.129999999999999727e-02 9.601899999999999324e-02 2.736099999999999990e-02 9.182139434364139374e-02
8.160000000000000586e-02 9.306499999999999495e-02 2.718399999999999983e-02 9.157560690392423097e-02
8.190000000000000058e-02 9.560599999999999654e-02 2.733800000000000119e-02 9.132959256860798125e-02
8.219999999999999529e-02 1.021200000000000024e-01 2.770299999999999846e-02 9.108335690929950101e-02
8.250000000000000389e-02 1.025999999999999968e-01 2.784100000000000116e-02 9.083690548894227113e-02
8.269999999999999574e-02 1.033400000000000013e-01 2.765000000000000097e-02 9.067248741791171518e-02
8.300000000000000433e-02 1.008499999999999952e-01 2.736600000000000144e-02 9.042568873371786831e-02
8.329999999999999905e-02 1.000400000000000039e-01 2.772399999999999864e-02 9.017868907906716192e-02
8.359999999999999376e-02 9.703799999999999926e-02 2.761399999999999966e-02 8.993149398337552114e-02
8.390000000000000235e-02 9.407899999999999596e-02 2.753399999999999945e-02 8.968410896644000985e-02
8.419999999999999707e-02 9.436300000000000243e-02 2.771099999999999952e-02 8.943653953823679781e-02
8.440000000000000280e-02 9.227299999999999391e-02 2.798099999999999893e-02 8.927139351850919835e-02
8.469999999999999751e-02 9.366700000000000026e-02 2.801199999999999871e-02 8.902352895527652910e-02
8.500000000000000611e-02 9.587700000000000389e-02 2.825199999999999934e-02 8.877549462451313211e-02
8.530000000000000082e-02 9.165099999999999636e-02 2.800599999999999964e-02 8.852729599848045694e-02
8.559999999999999554e-02 9.508800000000000585e-02 2.786200000000000135e-02 8.827893853869409058e-02
8.580000000000000127e-02 9.484399999999999775e-02 2.767800000000000121e-02 8.811328134996024297e-02
8.609999999999999598e-02 9.511500000000000510e-02 2.788300000000000153e-02 8.786467127414937517e-02
8.640000000000000457e-02 9.379200000000000037e-02 2.771799999999999958e-02 8.761591687461357802e-02
8.669999999999999929e-02 9.184799999999999909e-02 2.760500000000000106e-02 8.736702357180962941e-02
8.699999999999999400e-02 9.095899999999999819e-02 2.783499999999999863e-02 8.711799677454942770e-02
8.719999999999999973e-02 8.894000000000000516e-02 2.805799999999999961e-02 8.695190741178954186e-02
8.749999999999999445e-02 8.865099999999999369e-02 2.790400000000000172e-02 8.670267011112485489e-02
8.780000000000000304e-02 8.994800000000000018e-02 2.760999999999999913e-02 8.645331368113835790e-02
8.809999999999999776e-02 9.105299999999999505e-02 2.762999999999999831e-02 8.620384348633608473e-02
8.840000000000000635e-02 9.054399999999999948e-02 2.761800000000000019e-02 8.595426487870680421e-02
8.859999999999999820e-02 8.497399999999999398e-02 2.780099999999999932e-02 8.578782154815289829e-02
8.890000000000000679e-02 8.342299999999999716e-02 2.765600000000000003e-02 8.553807411121064352e-02
8.920000000000000151e-02 8.807500000000000051e-02 2.750000000000000014e-02 8.528823247082789605e-02
8.949999999999999623e-02 8.726299999999999335e-02 2.743100000000000052e-02 8.503830193153937012e-02
8.980000000000000482e-02 8.849899999999999434e-02 2.732700000000000060e-02 8.478828778451776016e-02
8.999999999999999667e-02 8.832900000000000473e-02 2.695499999999999979e-02 8.462156784456408010e-02
9.030000000000000526e-02 9.053600000000000536e-02 2.718500000000000083e-02 8.437142607262963778e-02
9.059999999999999998e-02 9.454799999999999316e-02 2.734299999999999925e-02 8.412121473608685784e-02
9.089999999999999469e-02 9.000700000000000367e-02 2.735599999999999837e-02 8.387093907560697059e-02
9.120000000000000329e-02 8.766899999999999693e-02 2.732400000000000106e-02 8.362060431768289503e-02
9.139999999999999514e-02 8.480400000000000438e-02 2.715100000000000152e-02 8.345368422164653466e-02
9.170000000000000373e-02 8.307799999999999907e-02 2.703500000000000000e-02 8.320326254335730365e-02
9.199999999999999845e-02 8.447300000000000642e-02 2.714799999999999852e-02 8.295279563431988412e-02
9.229999999999999316e-02 8.824899999999999411e-02 2.757599999999999982e-02 8.270228866758175257e-02
9.260000000000000175e-02 8.888500000000000567e-02 2.786599999999999841e-02 8.245174680122323296e-02
9.289999999999999647e-02 8.609899999999999498e-02 2.744100000000000011e-02 8.220117517819194863e-02
9.310000000000000220e-02 8.497399999999999398e-02 2.722000000000000114e-02 8.203411343082739338e-02
9.339999999999999691e-02 8.381900000000000461e-02 2.704600000000000060e-02 8.178350360049459200e-02
9.370000000000000551e-02 8.610299999999999898e-02 2.692200000000000149e-02 8.153287765279276789e-02
9.400000000000000022e-02 8.346900000000000153e-02 2.724100000000000132e-02 8.128224067379156981e-02
9.429999999999999494e-02 8.229200000000000403e-02 2.756300000000000069e-02 8.103159773367490937e-02
9.450000000000000067e-02 8.530999999999999694e-02 2.762500000000000025e-02 8.086450162506972350e-02
9.479999999999999538e-02 8.631900000000000683e-02 2.792999999999999997e-02 8.061385997319024665e-02
9.510000000000000397e-02 8.603900000000000436e-02 2.798600000000000046e-02 8.036322580182726771e-02
9.539999999999999869e-02 8.415899999999999770e-02 2.781099999999999892e-02 8.011260412157829303e-02
9.569999999999999341e-02 8.268999999999999961e-02 2.791099999999999831e-02 7.986199992643162882e-02
9.589999999999999913e-02 8.318499999999999506e-02 2.788200000000000053e-02 7.969494263553049407e-02
9.619999999999999385e-02 8.075100000000000333e-02 2.772600000000000064e-02 7.944437863438096048e-02
9.650000000000000244e-02 8.382299999999999474e-02 2.764700000000000144e-02 7.919384535328703734e-02
9.679999999999999716e-02 8.455100000000000116e-02 2.784100000000000116e-02 7.894334772405169065e-02
9.710000000000000575e-02 8.245900000000000452e-02 2.757000000000000076e-02 7.869289066117429732e-02
9.729999999999999760e-02 8.215100000000000180e-02 2.698199999999999904e-02 7.852594424180761590e-02
9.760000000000000620e-02 8.178900000000000059e-02 2.692800000000000055e-02 7.827556566318195908e-02
9.790000000000000091e-02 7.856000000000000483e-02 2.682199999999999862e-02 7.802524067055560675e-02
9.819999999999999563e-02 7.576800000000000201e-02 2.677600000000000119e-02 7.777497411375453029e-02
9.850000000000000422e-02 7.583900000000000363e-02 2.676999999999999866e-02 7.752477082463786473e-02
9.869999999999999607e-02 7.848600000000000021e-02 2.712300000000000127e-02 7.735800615851884388e-02
9.900000000000000466e-02 8.077399999999999858e-02 2.718999999999999889e-02 7.710791900377182706e-02
9.929999999999999938e-02 8.229799999999999616e-02 2.715100000000000152e-02 7.685790791278304668e-02
9.959999999999999409e-02 8.270700000000000274e-02 2.713899999999999993e-02 7.660797765036178597e-02
9.990000000000000269e-02 8.058800000000000685e-02 2.723199999999999926e-02 7.635813296271805328e-02
1.000999999999999945e-01 7.927299999999999625e-02 2.690100000000000130e-02 7.619161971449758819e-02
1.004000000000000031e-01 7.697800000000000475e-02 2.693900000000000114e-02 7.594192814768296884e-02
1.006999999999999978e-01 7.735400000000000609e-02 2.727800000000000016e-02 7.569233472027905862e-02
1.010000000000000064e-01 7.919700000000000351e-02 2.727200000000000110e-02 7.544284410918311590e-02
1.013000000000000012e-01 7.721000000000000085e-02 2.725599999999999898e-02 7.519346097209125834e-02
1.015999999999999959e-01 7.802499999999999714e-02 2.753799999999999998e-02 7.494418994737370165e-02
1.018000000000000016e-01 7.930700000000000249e-02 2.778200000000000114e-02 7.477807383063361790e-02
1.020999999999999963e-01 8.026999999999999413e-02 2.790600000000000025e-02 7.452899991448183603e-02
1.024000000000000049e-01 7.874799999999999855e-02 2.802100000000000077e-02 7.428005038427502871e-02
1.026999999999999996e-01 7.694299999999999751e-02 2.797300000000000134e-02 7.403122980647673657e-02
1.029999999999999943e-01 7.627599999999999658e-02 2.796099999999999974e-02 7.378254272766092414e-02
1.032000000000000001e-01 7.573699999999999877e-02 2.780699999999999839e-02 7.361682774405400864e-02
1.034999999999999948e-01 7.237499999999999489e-02 2.759700000000000000e-02 7.336837321265005096e-02
1.038000000000000034e-01 6.985600000000000143e-02 2.736900000000000097e-02 7.312006420630565162e-02
1.040999999999999981e-01 6.786999999999999977e-02 2.683899999999999827e-02 7.287190519767947072e-02
1.044000000000000067e-01 6.655300000000000105e-02 2.665599999999999914e-02 7.262390063900876769e-02
1.045999999999999985e-01 6.633999999999999619e-02 2.663899999999999949e-02 7.245865226143743953e-02
1.048999999999999932e-01 6.935199999999999698e-02 2.683200000000000168e-02 7.221091495740650235e-02
1.052000000000000018e-01 7.320200000000000318e-02 2.674599999999999894e-02 7.196334387529453036e-02
1.054999999999999966e-01 7.560999999999999666e-02 2.688700000000000118e-02 7.171594339153099240e-02
1.058000000000000052e-01 7.535200000000000231e-02 2.698100000000000151e-02 7.146871786162388440e-02
1.059999999999999970e-01 7.480100000000000637e-02 2.707299999999999984e-02 7.130400017962648662e-02
1.063000000000000056e-01 7.713399999999999423e-02 2.693900000000000114e-02 7.105707586123627406e-02
1.066000000000000003e-01 7.688599999999999601e-02 2.656499999999999834e-02 7.081033800832715885e-02
1.068999999999999950e-01 7.620599999999999596e-02 2.620400000000000160e-02 7.056379089882391931e-02
1.072000000000000036e-01 7.789200000000000290e-02 2.631500000000000158e-02 7.031743878926073610e-02
1.073999999999999955e-01 7.515600000000000058e-02 2.625600000000000156e-02 7.015331447512096474e-02
1.077000000000000041e-01 7.495799999999999685e-02 2.619300000000000100e-02 6.990729676602290554e-02
1.079999999999999988e-01 7.195400000000000407e-02 2.633900000000000130e-02 6.966148530232280089e-02
1.082999999999999935e-01 6.776100000000000179e-02 2.657400000000000040e-02 6.941588426131298228e-02
1.086000000000000021e-01 6.975299999999999556e-02 2.700400000000000023e-02 6.917049779845922675e-02
1.087999999999999939e-01 6.812100000000000100e-02 2.660300000000000165e-02 6.900702807547383355e-02
1.091000000000000025e-01 6.647300000000000431e-02 2.640599999999999892e-02 6.876200841768420613e-02
1.093999999999999972e-01 6.554200000000000303e-02 2.632299999999999918e-02 6.851721431191036549e-02
1.097000000000000058e-01 6.632799999999999807e-02 2.650100000000000025e-02 6.827264983283440336e-02
1.100000000000000006e-01 6.987899999999999667e-02 2.634399999999999936e-02 6.802831903290720850e-02
1.102999999999999953e-01 7.340900000000000203e-02 2.651500000000000037e-02 6.778422594226632403e-02
1.105000000000000010e-01 7.010600000000000165e-02 2.619700000000000153e-02 6.762163125594336521e-02
1.107999999999999957e-01 7.035800000000000387e-02 2.601799999999999946e-02 6.737794324244690547e-02
1.111000000000000043e-01 6.917099999999999638e-02 2.605400000000000077e-02 6.713450357557033954e-02
1.113999999999999990e-01 6.826999999999999735e-02 2.603600000000000012e-02 6.689131620295296621e-02
1.116999999999999937e-01 6.511400000000000521e-02 2.615299999999999916e-02 6.664838504955476750e-02
1.118999999999999995e-01 6.580400000000000138e-02 2.650299999999999878e-02 6.648657521925413483e-02
1.121999999999999942e-01 6.485599999999999699e-02 2.629400000000000140e-02 6.624407975818907834e-02
1.125000000000000028e-01 5.955799999999999983e-02 2.621899999999999925e-02 6.600185087146764884e-02
1.127999999999999975e-01 5.935700000000000004e-02 2.625500000000000056e-02 6.575989240026912375e-02
1.131000000000000061e-01 6.056899999999999784e-02 2.641699999999999951e-02 6.551820816275967518e-02
1.132999999999999979e-01 6.208700000000000330e-02 2.643399999999999916e-02 6.535723956487120290e-02
1.136000000000000065e-01 6.231099999999999833e-02 2.628099999999999881e-02 6.511602080560670303e-02
1.139000000000000012e-01 6.489499999999999436e-02 2.655799999999999828e-02 6.487508634879188274e-02
1.141999999999999960e-01 6.512199999999999933e-02 2.665199999999999861e-02 6.463443992764626722e-02
1.145000000000000046e-01 6.092899999999999705e-02 2.631100000000000105e-02 6.439408525207425404e-02
1.146999999999999964e-01 6.174600000000000227e-02 2.610799999999999926e-02 6.423401270403879260e-02
1.150000000000000050e-01 6.650399999999999368e-02 2.630400000000000099e-02 6.399415245180478662e-02
1.152999999999999997e-01 6.827099999999999835e-02 2.591600000000000154e-02 6.375459372378096401e-02
1.155999999999999944e-01 6.932099999999999373e-02 2.600299999999999834e-02 6.351534014387512361e-02
1.159000000000000030e-01 6.870099999999999818e-02 2.610799999999999926e-02 6.327639531240920878e-02
1.160999999999999949e-01 6.914700000000000013e-02 2.620600000000000013e-02 6.311727205224697268e-02
1.164000000000000035e-01 6.887799999999999478e-02 2.640699999999999992e-02 6.287884973799974520e-02
1.166999999999999982e-01 6.673500000000000265e-02 2.658999999999999905e-02 6.264074565733770972e-02
1.170000000000000068e-01 6.485899999999999999e-02 2.675599999999999853e-02 6.240296332365156962e-02
1.173000000000000015e-01 6.578100000000000613e-02 2.686099999999999946e-02 6.216550622650718338e-02
1.175999999999999962e-01 6.509299999999999808e-02 2.693600000000000161e-02 6.192837783159789444e-02
1.178000000000000019e-01 6.479100000000000137e-02 2.663700000000000095e-02 6.177047654797248460e-02
1.180999999999999966e-01 6.735399999999999721e-02 2.697300000000000045e-02 6.153390362668031965e-02
1.184000000000000052e-01 6.619899999999999396e-02 2.680300000000000044e-02 6.129766853242037822e-02
1.187000000000000000e-01 6.286999999999999533e-02 2.642100000000000004e-02 6.106177464297352087e-02
1.189999999999999947e-01 6.390500000000000347e-02 2.657699999999999993e-02 6.082622531204719130e-02
1.192000000000000004e-01 6.274899999999999922e-02 2.607299999999999895e-02 6.066938549140075271e-02
1.194999999999999951e-01 5.937699999999999922e-02 2.599699999999999928e-02 6.043441781184869660e-02
1.198000000000000037e-01 5.756499999999999811e-02 2.562599999999999947e-02 6.019980351604878321e-02
1.200999999999999984e-01 5.775099999999999678e-02 2.533399999999999888e-02 5.996554586911312379e-02
1.203999999999999931e-01 5.653899999999999898e-02 2.563500000000000154e-02 5.973164811190918161e-02
1.205999999999999989e-01 5.353800000000000225e-02 2.571199999999999875e-02 5.957591780195262143e-02
1.208999999999999936e-01 5.493599999999999872e-02 2.624200000000000144e-02 5.934262699694314858e-02
1.212000000000000022e-01 5.794699999999999851e-02 2.641200000000000145e-02 5.910970460520528075e-02
1.214999999999999969e-01 5.923500000000000293e-02 2.652799999999999950e-02 5.887715377844037618e-02
1.218000000000000055e-01 5.917200000000000237e-02 2.593900000000000025e-02 5.864497764396486845e-02
1.219999999999999973e-01 5.961099999999999732e-02 2.576799999999999924e-02 5.849040325000165463e-02
1.223000000000000059e-01 5.723400000000000015e-02 2.640299999999999939e-02 5.825885848595325350e-02
1.226000000000000006e-01 5.706100000000000061e-02 2.635399999999999895e-02 5.802769663429330205e-02
1.228999999999999954e-01 5.308100000000000318e-02 2.603400000000000158e-02 5.779692073271191360e-02
1.232000000000000040e-01 5.328100000000000197e-02 2.616500000000000076e-02 5.756653379440363621e-02
1.233999999999999958e-01 6.009400000000000158e-02 2.622999999999999984e-02 5.741316006980574926e-02
1.237000000000000044e-01 5.803699999999999831e-02 2.574099999999999999e-02 5.718342803301326022e-02
1.239999999999999991e-01 5.574899999999999994e-02 2.575500000000000012e-02 5.695409287477570109e-02
1.242999999999999938e-01 5.208600000000000035e-02 2.548399999999999971e-02 5.672515751831044839e-02
1.246000000000000024e-01 5.366699999999999943e-02 2.529800000000000104e-02 5.649662486225792701e-02
1.247999999999999943e-01 5.374700000000000311e-02 2.496299999999999908e-02 5.634449490097077212e-02
1.250999999999999890e-01 5.645000000000000018e-02 2.486299999999999968e-02 5.611663978690192151e-02
1.254000000000000115e-01 6.060399999999999815e-02 2.519300000000000012e-02 5.588919498270159686e-02
1.257000000000000062e-01 5.833900000000000197e-02 2.572699999999999987e-02 5.566216329678939229e-02
1.260000000000000009e-01 5.564800000000000302e-02 2.612499999999999892e-02 5.543554751295598493e-02
1.262999999999999956e-01 5.489999999999999741e-02 2.613400000000000098e-02 5.520935039035600178e-02
1.265000000000000013e-01 5.660199999999999954e-02 2.597199999999999856e-02 5.505878624958748802e-02
1.267999999999999960e-01 5.454500000000000320e-02 2.573999999999999899e-02 5.483329296023250338e-02
1.270999999999999908e-01 5.355100000000000138e-02 2.569000000000000103e-02 5.460822556937049849e-02
1.274000000000000132e-01 5.453299999999999814e-02 2.566399999999999931e-02 5.438358674578088608e-02
1.277000000000000079e-01 5.415799999999999781e-02 2.559000000000000163e-02 5.415937913358955663e-02
1.279000000000000137e-01 5.321700000000000041e-02 2.558500000000000010e-02 5.401014824859771968e-02
1.282000000000000084e-01 5.204099999999999698e-02 2.520199999999999871e-02 5.378666513094541163e-02
1.285000000000000031e-01 4.920599999999999974e-02 2.483600000000000044e-02 5.356362015516850927e-02
1.287999999999999978e-01 5.160800000000000110e-02 2.520400000000000071e-02 5.334101587500526820e-02
1.290999999999999925e-01 5.453899999999999720e-02 2.559799999999999923e-02 5.311885481955095495e-02
1.292999999999999983e-01 5.592899999999999955e-02 2.558699999999999863e-02 5.297099492298051882e-02
1.295999999999999930e-01 5.232400000000000245e-02 2.515099999999999975e-02 5.274957812867317464e-02
1.298999999999999877e-01 5.181100000000000289e-02 2.529199999999999851e-02 5.252861118289958026e-02
1.302000000000000102e-01 5.353299999999999725e-02 2.551799999999999902e-02 5.230809652445612273e-02
1.305000000000000049e-01 5.306299999999999906e-02 2.519899999999999918e-02 5.208803656753412115e-02
1.307000000000000106e-01 5.272500000000000103e-02 2.541500000000000009e-02 5.194158372260225531e-02
1.310000000000000053e-01 5.158599999999999991e-02 2.585900000000000004e-02 5.172228689962644205e-02
1.313000000000000000e-01 5.414399999999999769e-02 2.633900000000000130e-02 5.150345109581466047e-02
1.315999999999999948e-01 5.549199999999999966e-02 2.629199999999999940e-02 5.128507863524704724e-02
1.318999999999999895e-01 5.514700000000000157e-02 2.585199999999999998e-02 5.106717181746303624e-02
1.320999999999999952e-01 5.668800000000000228e-02 2.580599999999999908e-02 5.092216042051560948e-02
1.323999999999999899e-01 5.782899999999999846e-02 2.594000000000000125e-02 5.070503471752620811e-02
1.327000000000000124e-01 5.260399999999999798e-02 2.586000000000000104e-02 5.048838066958308279e-02
1.330000000000000071e-01 5.389300000000000340e-02 2.587599999999999970e-02 5.027220048639928496e-02
1.333000000000000018e-01 5.504499999999999671e-02 2.588100000000000123e-02 5.005649635323747987e-02
1.335000000000000075e-01 5.243199999999999944e-02 2.590900000000000147e-02 4.991295913811440166e-02
1.338000000000000023e-01 5.316400000000000292e-02 2.558300000000000157e-02 4.969805321145985555e-02
1.340999999999999970e-01 5.355100000000000138e-02 2.519100000000000159e-02 4.948362904283672148e-02
1.343999999999999917e-01 5.089799999999999880e-02 2.510799999999999838e-02 4.926968872806017363e-02
1.346999999999999864e-01 5.239100000000000007e-02 2.517399999999999846e-02 4.905623433861114324e-02
1.350000000000000089e-01 4.852599999999999969e-02 2.535000000000000100e-02 4.884326792166428233e-02
1.351999999999999869e-01 4.681600000000000344e-02 2.558799999999999963e-02 4.870156240616094201e-02
1.355000000000000093e-01 4.586199999999999999e-02 2.533699999999999841e-02 4.848941376007109838e-02
1.358000000000000040e-01 4.304299999999999793e-02 2.531900000000000123e-02 4.827775842701146486e-02
1.360999999999999988e-01 4.157799999999999691e-02 2.549299999999999830e-02 4.806659836529242336e-02
1.363999999999999935e-01 4.333300000000000346e-02 2.566999999999999837e-02 4.785593550906407784e-02
1.365999999999999992e-01 4.448599999999999777e-02 2.592399999999999913e-02 4.771577077439797393e-02
1.368999999999999939e-01 4.554199999999999915e-02 2.605899999999999883e-02 4.750594082658742001e-02
1.371999999999999886e-01 4.242599999999999844e-02 2.586499999999999910e-02 4.729661312414873420e-02
1.375000000000000111e-01 4.271199999999999997e-02 2.554400000000000073e-02 4.708778951294647491e-02
1.378000000000000058e-01 4.532800000000000024e-02 2.528000000000000039e-02 4.687947181485446063e-02
1.380000000000000115e-01 4.814199999999999730e-02 2.504999999999999935e-02 4.674087530114625494e-02
1.383000000000000063e-01 5.077999999999999875e-02 2.500899999999999998e-02 4.653340477514532336e-02
1.386000000000000010e-01 5.246800000000000075e-02 2.537800000000000125e-02 4.632644490360002948e-02
1.388999999999999957e-01 5.031100000000000155e-02 2.531999999999999876e-02 4.611999742076347553e-02
1.391999999999999904e-01 4.705499999999999960e-02 2.532099999999999976e-02 4.591406403709068218e-02
1.393999999999999961e-01 4.475200000000000011e-02 2.534499999999999947e-02 4.577706155920385767e-02
1.396999999999999909e-01 4.664100000000000190e-02 2.540299999999999850e-02 4.557198874398630389e-02
1.400000000000000133e-01 4.745800000000000018e-02 2.555400000000000033e-02 4.536743447314030286e-02
1.403000000000000080e-01 4.683500000000000163e-02 2.533699999999999841e-02 4.516340037024805382e-02
1.406000000000000028e-01 4.774699999999999778e-02 2.510000000000000078e-02 4.495988803530891198e-02
1.408000000000000085e-01 4.629799999999999888e-02 2.458700000000000122e-02 4.482450379590293549e-02
1.411000000000000032e-01 4.708400000000000085e-02 2.488800000000000040e-02 4.462186456587607236e-02
1.413999999999999979e-01 4.518699999999999800e-02 2.495199999999999849e-02 4.441975125554822879e-02
1.416999999999999926e-01 4.299100000000000144e-02 2.532900000000000082e-02 4.421816537887400533e-02
1.419999999999999873e-01 4.349499999999999894e-02 2.606599999999999889e-02 4.401710842646186506e-02
1.421999999999999931e-01 4.228699999999999820e-02 2.625699999999999909e-02 4.388336503055662030e-02
1.424999999999999878e-01 4.333100000000000146e-02 2.606599999999999889e-02 4.368319286780435184e-02
1.428000000000000103e-01 4.191700000000000287e-02 2.580299999999999955e-02 4.348355349054173341e-02
1.431000000000000050e-01 3.911499999999999699e-02 2.527799999999999839e-02 4.328444830423831130e-02
1.433999999999999997e-01 3.867700000000000304e-02 2.518300000000000052e-02 4.308587869127455255e-02
1.436999999999999944e-01 3.944600000000000189e-02 2.529599999999999904e-02 4.288784601099985411e-02
1.439000000000000001e-01 4.251900000000000124e-02 2.489299999999999846e-02 4.275612318097102293e-02
1.441999999999999948e-01 4.213900000000000284e-02 2.485400000000000109e-02 4.255898834691979049e-02
1.444999999999999896e-01 4.055500000000000077e-02 2.470699999999999980e-02 4.236239395834076604e-02
1.448000000000000120e-01 3.815400000000000041e-02 2.412299999999999861e-02 4.216634129064401881e-02
1.451000000000000068e-01 3.754899999999999904e-02 2.444800000000000098e-02 4.197083159648985762e-02
1.453000000000000125e-01 3.867899999999999811e-02 2.455799999999999997e-02 4.184079406068096779e-02
1.456000000000000072e-01 4.072300000000000225e-02 2.489999999999999852e-02 4.164619204452980200e-02
1.459000000000000019e-01 3.911900000000000099e-02 2.498500000000000026e-02 4.145213623160683841e-02
1.461999999999999966e-01 3.651000000000000079e-02 2.473500000000000004e-02 4.125862779169969796e-02
1.464999999999999913e-01 3.579399999999999943e-02 2.486899999999999875e-02 4.106566787214629283e-02
1.466999999999999971e-01 3.604299999999999865e-02 2.504599999999999882e-02 4.093733321575961787e-02
1.469999999999999918e-01 3.625400000000000150e-02 2.516300000000000134e-02 4.074528998567314431e-02
1.472999999999999865e-01 3.671399999999999664e-02 2.508099999999999913e-02 4.055379822626443281e-02
1.476000000000000090e-01 4.115599999999999814e-02 2.500600000000000045e-02 4.036285900313313357e-02
1.479000000000000037e-01 4.193899999999999711e-02 2.470999999999999933e-02 4.017247335974758610e-02
1.481000000000000094e-01 4.125000000000000194e-02 2.464399999999999924e-02 4.004585764709815698e-02
1.484000000000000041e-01 3.887199999999999683e-02 2.408499999999999877e-02 3.985639689555435516e-02
1.486999999999999988e-01 4.003600000000000214e-02 2.406799999999999912e-02 3.966749239867918553e-02
1.489999999999999936e-01 3.817199999999999760e-02 2.432000000000000134e-02 3.947914511940143339e-02
1.492999999999999883e-01 3.898100000000000176e-02 2.461500000000000146e-02 3.929135599885417995e-02
1.494999999999999940e-01 3.391600000000000170e-02 2.477000000000000035e-02 3.916647379492814440e-02
1.497999999999999887e-01 3.328899999999999915e-02 2.501499999999999904e-02 3.897961697137473924e-02
1.501000000000000112e-01 3.422200000000000242e-02 2.489399999999999946e-02 3.879332071024788053e-02
1.504000000000000059e-01 3.126999999999999919e-02 2.515799999999999981e-02 3.860758587340148984e-02
1.507000000000000006e-01 3.293200000000000294e-02 2.549099999999999977e-02 3.842241330124552406e-02
1.509000000000000064e-01 3.854899999999999993e-02 2.563999999999999960e-02 3.829927769442347668e-02
1.512000000000000011e-01 3.712700000000000028e-02 2.530200000000000157e-02 3.811504403966522320e-02
1.514999999999999958e-01 3.557300000000000045e-02 2.488900000000000140e-02 3.793137478644412891e-02
1.517999999999999905e-01 3.380099999999999771e-02 2.446200000000000110e-02 3.774827069720982503e-02
1.521000000000000130e-01 3.376900000000000041e-02 2.460599999999999940e-02 3.756573251333503866e-02
1.524000000000000077e-01 3.216800000000000215e-02 2.450799999999999854e-02 3.738376095519641701e-02
1.526000000000000134e-01 3.382999999999999896e-02 2.464300000000000171e-02 3.726276172145115417e-02
1.529000000000000081e-01 3.786199999999999982e-02 2.514900000000000121e-02 3.708173608360791629e-02
1.532000000000000028e-01 3.485200000000000103e-02 2.444999999999999951e-02 3.690127889047774279e-02
1.534999999999999976e-01 3.331200000000000133e-02 2.401800000000000115e-02 3.672139078615190011e-02
1.537999999999999923e-01 3.338100000000000095e-02 2.391700000000000076e-02 3.654207239411034341e-02
1.539999999999999980e-01 3.443600000000000133e-02 2.328399999999999914e-02 3.642284360483731553e-02
1.542999999999999927e-01 3.513399999999999856e-02 2.345200000000000062e-02 3.624447606306663294e-02
1.545999999999999874e-01 3.235400000000000081e-02 2.362799999999999970e-02 3.606667979606998503e-02
1.549000000000000099e-01 3.129200000000000037e-02 2.348000000000000087e-02 3.588945535247826252e-02
1.552000000000000046e-01 3.409999999999999837e-02 2.388200000000000045e-02 3.571280326070944144e-02
1.554000000000000103e-01 3.210799999999999765e-02 2.415399999999999839e-02 3.559535342459917151e-02
1.557000000000000051e-01 3.315400000000000291e-02 2.449600000000000041e-02 3.541965637217420887e-02
1.559999999999999998e-01 3.558399999999999758e-02 2.456699999999999856e-02 3.524453298253198141e-02
1.562999999999999945e-01 3.706299999999999872e-02 2.404200000000000087e-02 3.506998371072574117e-02
1.565999999999999892e-01 3.840299999999999964e-02 2.379300000000000165e-02 3.489600899200671208e-02
1.567999999999999949e-01 3.783299999999999857e-02 2.390199999999999964e-02 3.478034524836658148e-02
1.570999999999999897e-01 3.554299999999999821e-02 2.371699999999999850e-02 3.460732903185298470e-02
1.574000000000000121e-01 3.483499999999999791e-02 2.365099999999999841e-02 3.443488843297125290e-02
1.577000000000000068e-01 3.224799999999999889e-02 2.378999999999999865e-02 3.426302381513694761e-02
1.580000000000000016e-01 3.361399999999999805e-02 2.445500000000000104e-02 3.409173552238661808e-02
1.582000000000000073e-01 3.318000000000000116e-02 2.426400000000000085e-02 3.397786366898298410e-02
1.585000000000000020e-01 3.038099999999999828e-02 2.395699999999999913e-02 3.380753663022243588e-02
1.587999999999999967e-01 3.165899999999999964e-02 2.366000000000000048e-02 3.363778673993634422e-02
1.590999999999999914e-01 3.316199999999999704e-02 2.342800000000000091e-02 3.346861427189611049e-02
1.593999999999999861e-01 3.337699999999999695e-02 2.333500000000000157e-02 3.330001948092776998e-02
1.595999999999999919e-01 3.235099999999999781e-02 2.334500000000000117e-02 3.318794400262597283e-02
1.598999999999999866e-01 2.975200000000000067e-02 2.319999999999999840e-02 3.302031252190019972e-02
1.602000000000000091e-01 3.321799999999999753e-02 2.342299999999999938e-02 3.285325930587939397e-02
1.605000000000000038e-01 3.259700000000000097e-02 2.431099999999999928e-02 3.268678454073351003e-02
1.607999999999999985e-01 2.726800000000000057e-02 2.441799999999999873e-02 3.252088839413088545e-02
1.610999999999999932e-01 2.651500000000000037e-02 2.402500000000000122e-02 3.235557101533459434e-02
1.612999999999999989e-01 2.636600000000000055e-02 2.355399999999999855e-02 3.224568103255999463e-02
1.615999999999999936e-01 2.380799999999999930e-02 2.396600000000000119e-02 3.208132854878707058e-02
1.618999999999999884e-01 2.559600000000000070e-02 2.402100000000000068e-02 3.191755514161090379e-02
1.622000000000000108e-01 2.644499999999999976e-02 2.418999999999999970e-02 3.175436089363922049e-02
1.625000000000000056e-01 2.777599999999999861e-02 2.416099999999999845e-02 3.159174586952923081e-02
1.627000000000000113e-01 2.765600000000000003e-02 2.451899999999999913e-02 3.148365766833549628e-02
1.630000000000000060e-01 3.053799999999999917e-02 2.483600000000000044e-02 3.132200811256880685e-02
1.633000000000000007e-01 3.000600000000000142e-02 2.467499999999999902e-02 3.116093786607547142e-02
1.635999999999999954e-01 2.954400000000000082e-02 2.453599999999999878e-02 3.100044692853989869e-02
1.638999999999999901e-01 2.840600000000000069e-02 2.397399999999999878e-02 3.084053528215892001e-02
1.640999999999999959e-01 2.930200000000000166e-02 2.390400000000000164e-02 3.073424932965860418e-02
1.643999999999999906e-01 2.728999999999999829e-02 2.399300000000000044e-02 3.057530308179303227e-02
1.647000000000000131e-01 2.853599999999999887e-02 2.367999999999999966e-02 3.041693599287472946e-02
1.650000000000000078e-01 2.884300000000000058e-02 2.366800000000000154e-02 3.025914798183871463e-02
1.653000000000000025e-01 3.084100000000000036e-02 2.339499999999999913e-02 3.010193895060257752e-02
1.655000000000000082e-01 3.107199999999999893e-02 2.314199999999999938e-02 2.999745452912664159e-02
1.658000000000000029e-01 3.384800000000000308e-02 2.349599999999999952e-02 2.984121020036450619e-02
1.660999999999999976e-01 3.479499999999999954e-02 2.370999999999999844e-02 2.968554450742639725e-02
1.663999999999999924e-01 3.167600000000000277e-02 2.382000000000000089e-02 2.953045729070405412e-02
1.666999999999999871e-01 2.700999999999999929e-02 2.398399999999999838e-02 2.937594837404849599e-02
1.668999999999999928e-01 2.484400000000000150e-02 2.399300000000000044e-02 2.927326361299500274e-02
1.671999999999999875e-01 2.227700000000000166e-02 2.415300000000000086e-02 2.911971809374221815e-02
1.675000000000000100e-01 2.027599999999999889e-02 2.368999999999999925e-02 2.896675032474246153e-02
1.678000000000000047e-01 2.315000000000000044e-02 2.416899999999999951e-02 2.881436007007918965e-02
1.680999999999999994e-01 2.647800000000000153e-02 2.464500000000000024e-02 2.866254707777720137e-02
1.683999999999999941e-01 2.134399999999999839e-02 2.418599999999999917e-02 2.851131107990670724e-02
1.685999999999999999e-01 1.970099999999999976e-02 2.362099999999999964e-02 2.841080749429907709e-02
1.688999999999999946e-01 2.049499999999999933e-02 2.352599999999999830e-02 2.826053251541170777e-02
1.691999999999999893e-01 2.130500000000000102e-02 2.324100000000000124e-02 2.811083373926918927e-02
1.695000000000000118e-01 2.481999999999999831e-02 2.274699999999999986e-02 2.796171084033459778e-02
1.698000000000000065e-01 2.428699999999999956e-02 2.317200000000000162e-02 2.781316347760431212e-02
1.700000000000000122e-01 2.446800000000000017e-02 2.367800000000000113e-02 2.771445146943274027e-02
1.703000000000000069e-01 2.259399999999999950e-02 2.328399999999999914e-02 2.756686253424879898e-02
1.706000000000000016e-01 2.551900000000000002e-02 2.277500000000000011e-02 2.741984815111135274e-02
1.708999999999999964e-01 2.827599999999999905e-02 2.276399999999999951e-02 2.727340792320615340e-02
1.711999999999999911e-01 2.855399999999999952e-02 2.249400000000000011e-02 2.712754143874417101e-02
1.713999999999999968e-01 2.553199999999999914e-02 2.237600000000000006e-02 2.703061565204023867e-02
1.716999999999999915e-01 2.617500000000000035e-02 2.271899999999999961e-02 2.688570445122656985e-02
1.719999999999999862e-01 2.642699999999999910e-02 2.314000000000000085e-02 2.674136582334692147e-02
1.723000000000000087e-01 2.362900000000000070e-02 2.305000000000000104e-02 2.659759930261088728e-02
1.726000000000000034e-01 2.348400000000000140e-02 2.279799999999999882e-02 2.645440440874811949e-02
1.728000000000000091e-01 2.330700000000000133e-02 2.329600000000000073e-02 2.635925847297775071e-02
1.731000000000000039e-01 2.577199999999999977e-02 2.351800000000000071e-02 2.621701518431181557e-02
1.733999999999999986e-01 2.594899999999999984e-02 2.341999999999999985e-02 2.607534217181664907e-02
1.736999999999999933e-01 2.317599999999999869e-02 2.386999999999999886e-02 2.593423890303953386e-02
1.739999999999999880e-01 2.054999999999999882e-02 2.356000000000000108e-02 2.579370483154502791e-02
1.741999999999999937e-01 1.814100000000000087e-02 2.310699999999999907e-02 2.570033139513207276e-02
1.744999999999999885e-01 1.991300000000000014e-02 2.309399999999999994e-02 2.556074473383483647e-02
1.748000000000000109e-01 2.241100000000000037e-02 2.283900000000000166e-02 2.542172574511102415e-02
1.751000000000000056e-01 2.311699999999999866e-02 2.230999999999999997e-02 2.528327383216904048e-02
1.754000000000000004e-01 2.123299999999999840e-02 2.231999999999999956e-02 2.514538838473324642e-02
1.756000000000000061e-01 2.096599999999999853e-02 2.225600000000000148e-02 2.505377914873899853e-02
1.759000000000000008e-01 1.972799999999999901e-02 2.240500000000000130e-02 2.491683641802783927e-02
1.761999999999999955e-01 1.878799999999999915e-02 2.255300000000000013e-02 2.478045846031305677e-02
1.764999999999999902e-01 1.807999999999999885e-02 2.236799999999999899e-02 2.464464461679332155e-02
1.768000000000000127e-01 2.068700000000000053e-02 2.271000000000000102e-02 2.450939421568276710e-02
1.771000000000000074e-01 2.381499999999999936e-02 2.290400000000000075e-02 2.437470657231820270e-02
1.773000000000000131e-01 2.547299999999999912e-02 2.297599999999999990e-02 2.428522710937808596e-02
1.776000000000000079e-01 2.680499999999999897e-02 2.293600000000000153e-02 2.415147583948018192e-02
1.779000000000000026e-01 2.217600000000000127e-02 2.262300000000000075e-02 2.401828543941813068e-02
1.781999999999999973e-01 1.857200000000000170e-02 2.306899999999999923e-02 2.388565517822778886e-02
1.784999999999999920e-01 1.931599999999999984e-02 2.327900000000000108e-02 2.375358431256733779e-02
1.786999999999999977e-01 2.067099999999999840e-02 2.303300000000000139e-02 2.366584747144778039e-02
1.789999999999999925e-01 2.188999999999999974e-02 2.322799999999999865e-02 2.353470724652010834e-02
1.792999999999999872e-01 2.073300000000000143e-02 2.281599999999999948e-02 2.340412437517751243e-02
1.796000000000000096e-01 1.953399999999999928e-02 2.253399999999999848e-02 2.327409806960807973e-02
1.799000000000000044e-01 2.054800000000000029e-02 2.253799999999999901e-02 2.314462753012111809e-02
1.801000000000000101e-01 2.149300000000000169e-02 2.227200000000000013e-02 2.305862219582333755e-02
1.804000000000000048e-01 1.973000000000000101e-02 2.282999999999999960e-02 2.293007612412470766e-02
1.806999999999999995e-01 2.176600000000000062e-02 2.306700000000000070e-02 2.280208362873724012e-02
1.809999999999999942e-01 2.128700000000000037e-02 2.330799999999999886e-02 2.267464386732720438e-02
1.812999999999999889e-01 1.880599999999999980e-02 2.299500000000000155e-02 2.254775598617958857e-02
1.814999999999999947e-01 2.045599999999999849e-02 2.289300000000000015e-02 2.246347023886554120e-02
1.817999999999999894e-01 2.197899999999999854e-02 2.252399999999999888e-02 2.233750023043557312e-02
1.821000000000000119e-01 1.883100000000000052e-02 2.209200000000000053e-02 2.221207977086127675e-02
1.824000000000000066e-01 1.843699999999999853e-02 2.213499999999999843e-02 2.208720796560539532e-02
1.827000000000000013e-01 1.802799999999999889e-02 2.264100000000000140e-02 2.196288390924494571e-02
1.829000000000000070e-01 2.077000000000000027e-02 2.292699999999999946e-02 2.188030505794102271e-02
1.832000000000000017e-01 2.013200000000000059e-02 2.265199999999999853e-02 2.175689187512404310e-02
1.834999999999999964e-01 2.157600000000000143e-02 2.263700000000000087e-02 2.163402397432615670e-02
1.837999999999999912e-01 2.225099999999999995e-02 2.291400000000000034e-02 2.151170041111442541e-02
1.841000000000000136e-01 1.993699999999999986e-02 2.346600000000000075e-02 2.138992023066288092e-02
1.842999999999999916e-01 2.135700000000000098e-02 2.328099999999999961e-02 2.130903484682727250e-02
1.845999999999999863e-01 1.929499999999999965e-02 2.285299999999999832e-02 2.118815815457962548e-02
1.849000000000000088e-01 1.569299999999999862e-02 2.272400000000000114e-02 2.106782224887943089e-02
1.852000000000000035e-01 1.451900000000000066e-02 2.326599999999999849e-02 2.094802613769231048e-02
1.854999999999999982e-01 1.507600000000000086e-02 2.308199999999999835e-02 2.082876881908053701e-02
1.857999999999999929e-01 1.863700000000000079e-02 2.319200000000000081e-02 2.071004928130750974e-02
1.859999999999999987e-01 1.602100000000000052e-02 2.310399999999999954e-02 2.063120118591016752e-02
1.862999999999999934e-01 1.489500000000000025e-02 2.274599999999999886e-02 2.051337567494766756e-02
1.865999999999999881e-01 1.774500000000000036e-02 2.216100000000000014e-02 2.039608519974648107e-02
1.869000000000000106e-01 1.666099999999999873e-02 2.243399999999999908e-02 2.027932871353140334e-02
1.872000000000000053e-01 1.633000000000000076e-02 2.237400000000000153e-02 2.016310516021339178e-02
1.874000000000000110e-01 1.721100000000000060e-02 2.252399999999999888e-02 2.008591833946841293e-02
1.877000000000000057e-01 1.578900000000000095e-02 2.216800000000000020e-02 1.997058063581112763e-02
1.880000000000000004e-01 1.401999999999999948e-02 2.240500000000000130e-02 1.985577300406381196e-02
1.882999999999999952e-01 1.305699999999999916e-02 2.248599999999999904e-02 1.974149435486887913e-02
1.885999999999999899e-01 1.522399999999999969e-02 2.280799999999999841e-02 1.962774359003524940e-02
1.887999999999999956e-01 1.605900000000000036e-02 2.310399999999999954e-02 1.955220246963039477e-02
1.890999999999999903e-01 1.334300000000000069e-02 2.317100000000000062e-02 1.943932904797292249e-02
1.894000000000000128e-01 1.397699999999999984e-02 2.307499999999999829e-02 1.932698053975869315e-02
1.897000000000000075e-01 1.427900000000000003e-02 2.287799999999999903e-02 1.921515581528085090e-02
1.900000000000000022e-01 1.770299999999999999e-02 2.245199999999999974e-02 1.910385373647446525e-02
1.902000000000000079e-01 1.791900000000000090e-02 2.219300000000000092e-02 1.902994214356181976e-02
1.905000000000000027e-01 1.852799999999999933e-02 2.227300000000000113e-02 1.891950858946108219e-02
1.907999999999999974e-01 1.767900000000000027e-02 2.212499999999999883e-02 1.880959460609927039e-02
1.910999999999999921e-01 1.754100000000000104e-02 2.172200000000000172e-02 1.870019902562909328e-02
1.913999999999999868e-01 1.655299999999999827e-02 2.106600000000000139e-02 1.859132067231521190e-02
1.915999999999999925e-01 1.562699999999999853e-02 2.138400000000000023e-02 1.851902186772091605e-02
1.918999999999999873e-01 1.486700000000000001e-02 2.236000000000000140e-02 1.841100292581452497e-02
1.922000000000000097e-01 1.568900000000000156e-02 2.222999999999999976e-02 1.830349803796550018e-02
1.925000000000000044e-01 1.455299999999999996e-02 2.213199999999999890e-02 1.819650600036858482e-02
1.927999999999999992e-01 1.512900000000000009e-02 2.171199999999999866e-02 1.809002560179438779e-02
1.930000000000000049e-01 1.341099999999999931e-02 2.154500000000000165e-02 1.801932231185611466e-02
1.932999999999999996e-01 1.080700000000000063e-02 2.123600000000000140e-02 1.791369193351387279e-02
1.935999999999999943e-01 1.192400000000000057e-02 2.179100000000000134e-02 1.780856992870288175e-02
1.938999999999999890e-01 1.451500000000000012e-02 2.186700000000000102e-02 1.770395505981358503e-02
1.942000000000000115e-01 1.436499999999999930e-02 2.222100000000000117e-02 1.759984608226985645e-02
1.945000000000000062e-01 1.345799999999999948e-02 2.225099999999999995e-02 1.749624174462633894e-02
1.947000000000000119e-01 1.585999999999999910e-02 2.268999999999999836e-02 1.742745192063105408e-02
1.950000000000000067e-01 1.593999999999999931e-02 2.283100000000000060e-02 1.732468585014743795e-02
1.953000000000000014e-01 1.517899999999999978e-02 2.201799999999999938e-02 1.722242104952851141e-02
1.955999999999999961e-01 1.629799999999999999e-02 2.249900000000000164e-02 1.712065624296763358e-02
1.958999999999999908e-01 1.491999999999999924e-02 2.261799999999999922e-02 1.701939014823797974e-02
1.960999999999999965e-01 1.494700000000000022e-02 2.274999999999999939e-02 1.695215584448235210e-02
1.963999999999999913e-01 1.465400000000000036e-02 2.234799999999999981e-02 1.685171806960990282e-02
1.967000000000000137e-01 1.442399999999999932e-02 2.285699999999999885e-02 1.675177555663397849e-02
1.970000000000000084e-01 1.378700000000000064e-02 2.270000000000000143e-02 1.665232700060043786e-02
1.973000000000000032e-01 1.400099999999999956e-02 2.238199999999999912e-02 1.655337109057688702e-02
1.975000000000000089e-01 1.315799999999999956e-02 2.194300000000000070e-02 1.648767352608167952e-02
1.978000000000000036e-01 1.319799999999999966e-02 2.190699999999999939e-02 1.638953576361803707e-02
1.980999999999999983e-01 1.388499999999999977e-02 2.202799999999999897e-02 1.629188712282943555e-02
1.983999999999999930e-01 1.577299999999999883e-02 2.202899999999999997e-02 1.619472627166241435e-02
1.986999999999999877e-01 1.609000000000000014e-02 2.194700000000000123e-02 1.609805187251955524e-02
1.988999999999999935e-01 1.401200000000000015e-02 2.127000000000000071e-02 1.603387186120279126e-02
1.991999999999999882e-01 1.241399999999999969e-02 2.126000000000000112e-02 1.593800522822839266e-02
1.995000000000000107e-01 1.136999999999999990e-02 2.098399999999999918e-02 1.584262145394624635e-02
1.998000000000000054e-01 1.268299999999999983e-02 2.181100000000000053e-02 1.574771918121536940e-02
2.001000000000000001e-01 1.228600000000000005e-02 2.226099999999999954e-02 1.565329704777694564e-02
2.003000000000000058e-01 1.447500000000000002e-02 2.241599999999999843e-02 1.559061502787039040e-02
2.006000000000000005e-01 1.604399999999999923e-02 2.245300000000000074e-02 1.549699008572986633e-02
2.008999999999999952e-01 1.307600000000000082e-02 2.239299999999999971e-02 1.540384162585637165e-02
2.011999999999999900e-01 1.141299999999999953e-02 2.229899999999999938e-02 1.531116826799500293e-02
2.015000000000000124e-01 1.348300000000000019e-02 2.240699999999999983e-02 1.521896862719087154e-02
2.016999999999999904e-01 1.414400000000000032e-02 2.236099999999999893e-02 1.515776469011250426e-02
2.020000000000000129e-01 1.254800000000000013e-02 2.238000000000000059e-02 1.506635148757426261e-02
2.023000000000000076e-01 1.372600000000000035e-02 2.248599999999999904e-02 1.497540828657378288e-02
2.026000000000000023e-01 1.228199999999999951e-02 2.222000000000000017e-02 1.488493368567638149e-02
2.028999999999999970e-01 1.092500000000000068e-02 2.194799999999999876e-02 1.479492627915660573e-02
2.031999999999999917e-01 9.570699999999999694e-03 2.212400000000000130e-02 1.470538465708470972e-02
2.033999999999999975e-01 1.045300000000000049e-02 2.232599999999999862e-02 1.464594831337948273e-02
2.036999999999999922e-01 1.123999999999999999e-02 2.184499999999999983e-02 1.455717985439736531e-02
2.039999999999999869e-01 1.157500000000000022e-02 2.174600000000000144e-02 1.446887340015005734e-02
2.043000000000000094e-01 1.207500000000000066e-02 2.200099999999999972e-02 1.438102752602586284e-02
2.046000000000000041e-01 9.594399999999999457e-03 2.177700000000000122e-02 1.429364080360719449e-02
2.048000000000000098e-01 1.085999999999999986e-02 2.151899999999999993e-02 1.423563736586358312e-02
2.051000000000000045e-01 1.319999999999999993e-02 2.154400000000000065e-02 1.414901271195554561e-02
2.053999999999999992e-01 1.309699999999999927e-02 2.143099999999999866e-02 1.406284338267137744e-02
2.056999999999999940e-01 1.217999999999999985e-02 2.187800000000000161e-02 1.397712793635526134e-02
2.059999999999999887e-01 1.228600000000000005e-02 2.170400000000000107e-02 1.389186492793454547e-02
2.061999999999999944e-01 1.168499999999999921e-02 2.227099999999999913e-02 1.383527356157895905e-02
2.064999999999999891e-01 1.103999999999999947e-02 2.213199999999999890e-02 1.375076139602465428e-02
2.068000000000000116e-01 1.030799999999999945e-02 2.141600000000000101e-02 1.366669779875771991e-02
2.071000000000000063e-01 1.058000000000000086e-02 2.077499999999999833e-02 1.358308131287688444e-02
2.074000000000000010e-01 1.164399999999999984e-02 2.085300000000000001e-02 1.349991047844368436e-02
2.076000000000000068e-01 1.324200000000000030e-02 2.115500000000000019e-02 1.344471011732756120e-02
2.079000000000000015e-01 1.340399999999999925e-02 2.138400000000000023e-02 1.336227878300413376e-02
2.081999999999999962e-01 1.506000000000000047e-02 2.132799999999999974e-02 1.328028919271885891e-02
2.084999999999999909e-01 1.547300000000000064e-02 2.129999999999999949e-02 1.319873987607924834e-02
2.088000000000000134e-01 1.382300000000000022e-02 2.149699999999999875e-02 1.311762936002572148e-02
2.089999999999999913e-01 1.330500000000000085e-02 2.154000000000000012e-02 1.306379873214895404e-02
2.093000000000000138e-01 1.338300000000000080e-02 2.190500000000000086e-02 1.298341626994309328e-02
2.096000000000000085e-01 1.405499999999999979e-02 2.164400000000000004e-02 1.290346866771754225e-02
2.099000000000000032e-01 1.364699999999999941e-02 2.163400000000000045e-02 1.282395444329766966e-02
2.101999999999999980e-01 1.169300000000000027e-02 2.162299999999999986e-02 1.274487211220207139e-02
2.104000000000000037e-01 1.369700000000000084e-02 2.145000000000000032e-02 1.269238976478468187e-02
2.106999999999999984e-01 1.503900000000000028e-02 2.150300000000000128e-02 1.261402395102366285e-02
2.109999999999999931e-01 1.535100000000000006e-02 2.162100000000000133e-02 1.253608606126809313e-02
2.112999999999999878e-01 1.216599999999999973e-02 2.161599999999999980e-02 1.245857460322432816e-02
2.116000000000000103e-01 1.085500000000000007e-02 2.141200000000000048e-02 1.238148808264228663e-02
2.119000000000000050e-01 1.148000000000000062e-02 2.113500000000000101e-02 1.230482500338918664e-02
2.121000000000000107e-01 9.833899999999999586e-03 2.077000000000000027e-02 1.225395078941757081e-02
2.124000000000000055e-01 9.998200000000000490e-03 2.066899999999999987e-02 1.217799011609173483e-02
2.127000000000000002e-01 9.833099999999999133e-03 2.129999999999999949e-02 1.210244888575908936e-02
2.129999999999999949e-01 9.138600000000000195e-03 2.095100000000000087e-02 1.202732559600724373e-02
2.132999999999999896e-01 9.073299999999999421e-03 2.068499999999999853e-02 1.195261874287915568e-02
2.134999999999999953e-01 1.194100000000000023e-02 2.085300000000000001e-02 1.190304478444300859e-02
2.137999999999999901e-01 1.109800000000000023e-02 2.056699999999999848e-02 1.182902864625780259e-02
2.141000000000000125e-01 8.545999999999999777e-03 2.088299999999999879e-02 1.175542492713231926e-02
2.144000000000000072e-01 8.998300000000000742e-03 2.088599999999999832e-02 1.168223211805092913e-02
2.147000000000000020e-01 9.869899999999999160e-03 2.101400000000000143e-02 1.160944870878126943e-02
2.149000000000000077e-01 9.510199999999999904e-03 2.086700000000000013e-02 1.156115313395927185e-02
2.152000000000000024e-01 9.162999999999999270e-03 2.077899999999999886e-02 1.148904869855080918e-02
2.154999999999999971e-01 9.513000000000000622e-03 2.098600000000000118e-02 1.141734963024208273e-02
2.157999999999999918e-01 9.229400000000000451e-03 2.117000000000000132e-02 1.134605441492555870e-02
2.160999999999999865e-01 8.917100000000000720e-03 2.064099999999999963e-02 1.127516153759462909e-02
2.162999999999999923e-01 9.492799999999999155e-03 2.062800000000000050e-02 1.122812239194687610e-02
2.165999999999999870e-01 1.004099999999999958e-02 2.050199999999999939e-02 1.115789670901302238e-02
2.169000000000000095e-01 1.096300000000000052e-02 2.066899999999999987e-02 1.108806932015732154e-02
2.172000000000000042e-01 1.048699999999999979e-02 2.152300000000000046e-02 1.101863870764362152e-02
2.174999999999999989e-01 9.467299999999999674e-03 2.111700000000000035e-02 1.094960335314394684e-02
2.177000000000000046e-01 9.255100000000000479e-03 2.111400000000000082e-02 1.090379862123084208e-02
2.179999999999999993e-01 9.623700000000000657e-03 2.111800000000000135e-02 1.083541865462247546e-02
2.182999999999999940e-01 1.024399999999999963e-02 2.165299999999999864e-02 1.076742989474916042e-02
2.185999999999999888e-01 9.722200000000000286e-03 2.150200000000000028e-02 1.069983082166110072e-02
2.189000000000000112e-01 1.110399999999999929e-02 2.118499999999999897e-02 1.063261991511354164e-02
2.190999999999999892e-01 9.344599999999999781e-03 2.136599999999999958e-02 1.058802754131458676e-02
2.194000000000000117e-01 8.802000000000000796e-03 2.200699999999999878e-02 1.052146020007568850e-02
2.197000000000000064e-01 8.804100000000000467e-03 2.167300000000000129e-02 1.045527697042157589e-02
2.200000000000000011e-01 7.376299999999999697e-03 2.172800000000000079e-02 1.038947633155524672e-02
2.202999999999999958e-01 6.746600000000000166e-03 2.166300000000000170e-02 1.032405676267129577e-02
2.205999999999999905e-01 6.599200000000000378e-03 2.131900000000000114e-02 1.025901674301597788e-02
2.207999999999999963e-01 7.201199999999999615e-03 2.128100000000000130e-02 1.021586683965400831e-02
2.210999999999999910e-01 7.700199999999999927e-03 2.136800000000000158e-02 1.015145602292228701e-02
2.214000000000000135e-01 5.918699999999999829e-03 2.131500000000000061e-02 1.008742070077961114e-02
2.217000000000000082e-01 6.613599999999999861e-03 2.118099999999999844e-02 1.002375935316748672e-02
2.220000000000000029e-01 5.734999999999999647e-03 2.116200000000000025e-02 9.960470460352871189e-03
2.222000000000000086e-01 6.953599999999999885e-03 2.134099999999999886e-02 9.918484034161225912e-03
2.225000000000000033e-01 6.917900000000000264e-03 2.134300000000000086e-02 9.855812523223556748e-03
2.227999999999999980e-01 6.535400000000000237e-03 2.153899999999999912e-02 9.793509416487882965e-03
2.230999999999999928e-01 7.690999999999999920e-03 2.170400000000000107e-02 9.731573195901614681e-03
2.233999999999999875e-01 9.274900000000000852e-03 2.174999999999999850e-02 9.670002344001152675e-03
2.235999999999999932e-01 9.220700000000000077e-03 2.162599999999999939e-02 9.629157342929241595e-03
2.238999999999999879e-01 8.387800000000000811e-03 2.125799999999999912e-02 9.568192068471311623e-03
2.242000000000000104e-01 7.780099999999999863e-03 2.129500000000000143e-02 9.507588119426752318e-03
2.245000000000000051e-01 9.000299999999999273e-03 2.153800000000000159e-02 9.447343980959576129e-03
2.247999999999999998e-01 8.036299999999999694e-03 2.194400000000000170e-02 9.387458139075894464e-03
2.250000000000000056e-01 7.872499999999999290e-03 2.159200000000000008e-02 9.347732550896556761e-03
2.253000000000000003e-01 8.087000000000000438e-03 2.154199999999999865e-02 9.288440508009296326e-03
2.255999999999999950e-01 8.246599999999999764e-03 2.141099999999999948e-02 9.229502728906520750e-03
2.258999999999999897e-01 9.739799999999999847e-03 2.156599999999999837e-02 9.170917703131272608e-03
2.262000000000000122e-01 1.223899999999999988e-02 2.163299999999999945e-02 9.112683921311551249e-03
2.263999999999999901e-01 1.094200000000000034e-02 2.154599999999999918e-02 9.074055790772970684e-03
2.267000000000000126e-01 7.736100000000000095e-03 2.115799999999999972e-02 9.016404064493242776e-03
2.270000000000000073e-01 7.527700000000000016e-03 2.102100000000000149e-02 8.959099562865668887e-03
2.273000000000000020e-01 8.968500000000000777e-03 2.112400000000000042e-02 8.902140780926832975e-03
2.275999999999999968e-01 7.670699999999999914e-03 2.129999999999999949e-02 8.845526215030957706e-03
2.278000000000000025e-01 6.499099999999999842e-03 2.171400000000000066e-02 8.807973660311177455e-03
2.280999999999999972e-01 6.449299999999999825e-03 2.200699999999999878e-02 8.751929450117428011e-03
2.283999999999999919e-01 7.017200000000000347e-03 2.191099999999999992e-02 8.696225453053775187e-03
2.286999999999999866e-01 9.022000000000000505e-03 2.240400000000000030e-02 8.640860170717320696e-03
2.290000000000000091e-01 8.470200000000000645e-03 2.233299999999999869e-02 8.585832106245255488e-03
2.293000000000000038e-01 7.884399999999999742e-03 2.174399999999999944e-02 8.531139764361237582e-03
2.295000000000000095e-01 6.151099999999999624e-03 2.144599999999999979e-02 8.494863977983617767e-03
2.298000000000000043e-01 5.286400000000000127e-03 2.108000000000000151e-02 8.440727855364130519e-03
2.300999999999999990e-01 5.967300000000000035e-03 2.109899999999999970e-02 8.386923476032726379e-03
2.303999999999999937e-01 8.225299999999999626e-03 2.127000000000000071e-02 8.333449350919249973e-03
2.306999999999999884e-01 6.593800000000000355e-03 2.176799999999999916e-02 8.280303992750306583e-03
2.308999999999999941e-01 4.991500000000000277e-03 2.136599999999999958e-02 8.245055668649381789e-03
2.311999999999999889e-01 6.273500000000000430e-03 2.119400000000000103e-02 8.192454955354543794e-03
2.315000000000000113e-01 6.893100000000000095e-03 2.107200000000000045e-02 8.140179052057291628e-03
2.318000000000000060e-01 6.549600000000000040e-03 2.140600000000000142e-02 8.088226478443304515e-03
2.321000000000000008e-01 7.715600000000000409e-03 2.143899999999999972e-02 8.036595756195261467e-03
2.323000000000000065e-01 8.066600000000000159e-03 2.139100000000000029e-02 8.002353351899419570e-03
2.326000000000000012e-01 7.686100000000000397e-03 2.137400000000000064e-02 7.951255769001176060e-03
2.328999999999999959e-01 8.780400000000000704e-03 2.097600000000000159e-02 7.900476105368483062e-03
2.331999999999999906e-01 7.355699999999999739e-03 2.082099999999999923e-02 7.850012890359730350e-03
2.335000000000000131e-01 6.475500000000000353e-03 2.099099999999999924e-02 7.799864655520993492e-03
2.336999999999999911e-01 6.697100000000000102e-03 2.098399999999999918e-02 7.766606763789767227e-03
2.340000000000000135e-01 6.646899999999999857e-03 2.166900000000000076e-02 7.716980238737097819e-03
2.343000000000000083e-01 7.434600000000000410e-03 2.174299999999999844e-02 7.667664788972101443e-03
2.346000000000000030e-01 7.719300000000000120e-03 2.159300000000000108e-02 7.618658954397485028e-03
2.348999999999999977e-01 7.748800000000000132e-03 2.091900000000000009e-02 7.569961277284550406e-03
2.351000000000000034e-01 6.796199999999999637e-03 2.105699999999999933e-02 7.537666639021094878e-03
2.353999999999999981e-01 6.547200000000000415e-03 2.107099999999999945e-02 7.489479324832327110e-03
2.356999999999999929e-01 6.003699999999999835e-03 2.140999999999999848e-02 7.441596292692300926e-03
2.359999999999999876e-01 6.326700000000000206e-03 2.113400000000000001e-02 7.394016093874763648e-03
2.363000000000000100e-01 6.612200000000000369e-03 2.095800000000000093e-02 7.346737282193432569e-03
2.364999999999999880e-01 5.093600000000000211e-03 2.038999999999999840e-02 7.315384798702470777e-03
2.368000000000000105e-01 4.612100000000000054e-03 2.060899999999999885e-02 7.268605092178430718e-03
2.371000000000000052e-01 5.335399999999999691e-03 2.105599999999999833e-02 7.222122928980016267e-03
2.373999999999999999e-01 6.302499999999999943e-03 2.158200000000000049e-02 7.175936872534587931e-03
2.376999999999999946e-01 6.746099999999999666e-03 2.214500000000000149e-02 7.130045488971501096e-03
2.379999999999999893e-01 7.109200000000000415e-03 2.171100000000000113e-02 7.084447347155614812e-03
2.381999999999999951e-01 6.070800000000000328e-03 2.118400000000000144e-02 7.054210792545674916e-03
2.384999999999999898e-01 6.830799999999999719e-03 2.076000000000000068e-02 7.009098214209257167e-03
2.388000000000000123e-01 7.269199999999999967e-03 2.051000000000000045e-02 6.964275074883607801e-03
2.391000000000000070e-01 7.780200000000000136e-03 2.104999999999999927e-02 6.919739953743743108e-03
2.394000000000000017e-01 6.291200000000000264e-03 2.132900000000000074e-02 6.875491432851067557e-03
2.396000000000000074e-01 6.230600000000000201e-03 2.127599999999999977e-02 6.846150942385347341e-03
2.399000000000000021e-01 6.409599999999999673e-03 2.092099999999999863e-02 6.802376945534804702e-03
2.401999999999999968e-01 6.475299999999999806e-03 2.060299999999999979e-02 6.758885782108755430e-03
2.404999999999999916e-01 5.819999999999999653e-03 2.073399999999999896e-02 6.715676045015485547e-03
2.407999999999999863e-01 4.933100000000000158e-03 2.097299999999999859e-02 6.672746330191561825e-03
2.409999999999999920e-01 5.949199999999999974e-03 2.096699999999999953e-02 6.644281396254904902e-03
2.412999999999999867e-01 7.079600000000000129e-03 2.061999999999999944e-02 6.601815273389799107e-03
2.416000000000000092e-01 6.716699999999999927e-03 2.059400000000000119e-02 6.559625443651092777e-03
2.419000000000000039e-01 6.402699999999999884e-03 2.053500000000000117e-02 6.517710514326341409e-03
2.421999999999999986e-01 6.077599999999999843e-03 2.061800000000000091e-02 6.476069095864490921e-03
2.424000000000000044e-01 5.461399999999999935e-03 2.039499999999999993e-02 6.448459415947272420e-03
2.426999999999999991e-01 4.834100000000000029e-03 2.031900000000000026e-02 6.407270769705513368e-03
2.429999999999999938e-01 4.943200000000000024e-03 2.036800000000000069e-02 6.366351944519979718e-03
2.432999999999999885e-01 4.906100000000000044e-03 2.114900000000000113e-02 6.325701562662796977e-03
2.436000000000000110e-01 4.514599999999999690e-03 2.086100000000000107e-02 6.285318249691954420e-03
2.437999999999999889e-01 4.553800000000000209e-03 2.079599999999999851e-02 6.258543735409735805e-03
2.441000000000000114e-01 4.649900000000000214e-03 2.105699999999999933e-02 6.218602491939459811e-03
2.444000000000000061e-01 4.368699999999999667e-03 2.104400000000000021e-02 6.178924668434514038e-03
2.447000000000000008e-01 4.643500000000000058e-03 2.113500000000000101e-02 6.139508902717060075e-03
2.449999999999999956e-01 4.726000000000000166e-03 2.108300000000000105e-02 6.100353836011238734e-03
2.452000000000000013e-01 5.256000000000000255e-03 2.087699999999999972e-02 6.074394621541210314e-03
2.454999999999999960e-01 5.353700000000000299e-03 2.132500000000000021e-02 6.035671043001322386e-03
2.457999999999999907e-01 4.577399999999999698e-03 2.166399999999999923e-02 5.997204556882397737e-03
2.461000000000000132e-01 4.894299999999999866e-03 2.140099999999999988e-02 5.958993817083219763e-03
2.464000000000000079e-01 4.621899999999999967e-03 2.134099999999999886e-02 5.921037481012439603e-03
2.467000000000000026e-01 4.629999999999999567e-03 2.161300000000000027e-02 5.883334209610566364e-03
2.469000000000000083e-01 5.471499999999999801e-03 2.179499999999999840e-02 5.858338627169443376e-03
2.472000000000000031e-01 6.885699999999999807e-03 2.172800000000000079e-02 5.821054164189544758e-03
2.474999999999999978e-01 7.243900000000000165e-03 2.160300000000000067e-02 5.784019212484338771e-03
2.477999999999999925e-01 6.397800000000000362e-03 2.126899999999999971e-02 5.747232446127594624e-03
2.480999999999999872e-01 7.031500000000000423e-03 2.146999999999999950e-02 5.710692542823210711e-03
2.482999999999999929e-01 7.479099999999999811e-03 2.151600000000000040e-02 5.686469102093117366e-03
2.485999999999999877e-01 6.112000000000000245e-03 2.100600000000000037e-02 5.650337708696276211e-03
2.489000000000000101e-01 5.134200000000000222e-03 2.117399999999999838e-02 5.614449670127042921e-03
2.492000000000000048e-01 5.917099999999999790e-03 2.102100000000000149e-02 5.578803677568256944e-03
2.494999999999999996e-01 5.970300000000000433e-03 2.073200000000000043e-02 5.543398425923294626e-03
2.497000000000000053e-01 5.922400000000000407e-03 2.113900000000000154e-02 5.519928026978562947e-03
