#Data fitted with model: Sphere on Wed Nov 29 15:38:36 2017
#[[Fit Statistics]]
#    # function evals   = 50
#    # data points      = 855
#    # variables        = 3
#    chi-square         = 17.066
#    reduced chi-square = 0.020
#    Akaike info crit   = -3340.458
#    Bayesian info crit = -3326.205
#[[Variables]]
#    R:        13.6698507 +/- 0.265657 (1.94%) (init= 10)
#    Rsig:     2.43814474 +/- 0.163070 (6.69%) (init= 2)
#    rhoc:     1 (fixed)
#    rhosol:   0 (fixed)
#    norm:     1.1850e-07 +/- 6.38e-09 (5.38%) (init= 2e-07)
#    bkg:      0 (fixed)
#[[Correlations]] (unreported correlations are <  0.100)
#    C(R, norm)                   = -0.994 
#    C(R, Rsig)                   = -0.989 
#    C(Rsig, norm)                =  0.968 
#x 	 y	 yerr 	 yfit
1.009999999999999960e-02 1.398000000000000076e-01 2.962000000000000050e-02 1.300288088205820425e-01
1.030000000000000013e-02 1.386199999999999932e-01 2.978700000000000098e-02 1.300012860063434750e-01
1.060000000000000005e-02 1.370000000000000107e-01 2.985300000000000106e-02 1.299590004085869333e-01
1.089999999999999997e-02 1.386600000000000055e-01 3.008900000000000116e-02 1.299155141313332040e-01
1.119999999999999989e-02 1.405099999999999960e-01 3.007999999999999910e-02 1.298708282965223559e-01
1.149999999999999981e-02 1.397899999999999976e-01 2.992300000000000168e-02 1.298249440568445545e-01
1.170000000000000033e-02 1.342399999999999982e-01 2.994499999999999940e-02 1.297936893663773350e-01
1.200000000000000025e-02 1.311299999999999966e-01 2.972100000000000089e-02 1.297458104301703607e-01
1.230000000000000017e-02 1.326299999999999979e-01 2.999200000000000130e-02 1.296967363129315209e-01
1.260000000000000009e-02 1.341100000000000070e-01 2.988299999999999984e-02 1.296464682797086321e-01
1.290000000000000001e-02 1.374700000000000089e-01 2.983699999999999894e-02 1.295950076260771189e-01
1.310000000000000053e-02 1.344499999999999862e-01 2.949999999999999845e-02 1.295600386103512580e-01
1.340000000000000045e-02 1.364499999999999880e-01 2.953000000000000069e-02 1.295065932178499912e-01
1.370000000000000037e-02 1.374499999999999889e-01 2.966600000000000140e-02 1.294519588086627537e-01
1.400000000000000029e-02 1.368300000000000072e-01 2.974399999999999961e-02 1.293961367898542048e-01
1.430000000000000021e-02 1.341700000000000115e-01 3.005800000000000138e-02 1.293391285987625372e-01
1.450000000000000074e-02 1.309800000000000131e-01 3.010900000000000035e-02 1.293004648769141007e-01
1.480000000000000066e-02 1.302800000000000069e-01 2.962599999999999956e-02 1.292414830081653754e-01
1.510000000000000057e-02 1.293799999999999950e-01 2.957399999999999959e-02 1.291813189476294921e-01
1.540000000000000049e-02 1.297300000000000120e-01 2.945100000000000148e-02 1.291199742431694553e-01
1.569999999999999868e-02 1.274200000000000055e-01 2.914500000000000077e-02 1.290574504726473559e-01
1.590000000000000094e-02 1.251599999999999935e-01 2.927899999999999947e-02 1.290151137150117033e-01
1.619999999999999912e-02 1.263799999999999923e-01 2.923100000000000004e-02 1.289506284220358345e-01
1.650000000000000078e-02 1.258900000000000019e-01 2.948900000000000132e-02 1.288849684168281440e-01
1.679999999999999896e-02 1.284200000000000064e-01 2.941399999999999917e-02 1.288181353867119960e-01
1.710000000000000062e-02 1.301100000000000034e-01 2.930900000000000172e-02 1.287501310487102757e-01
1.739999999999999880e-02 1.291200000000000125e-01 2.948999999999999885e-02 1.286809571494783033e-01
1.760000000000000106e-02 1.265100000000000113e-01 2.970199999999999924e-02 1.286341923363475692e-01
1.789999999999999925e-02 1.267699999999999938e-01 3.008500000000000063e-02 1.285630731301139196e-01
1.820000000000000090e-02 1.291299999999999948e-01 2.975600000000000120e-02 1.284907891647311950e-01
1.849999999999999908e-02 1.316599999999999993e-01 2.972500000000000142e-02 1.284173422949015930e-01
1.880000000000000074e-02 1.348499999999999976e-01 2.967099999999999946e-02 1.283427344046263463e-01
1.899999999999999953e-02 1.347899999999999932e-01 2.957999999999999866e-02 1.282923517433533500e-01
1.930000000000000118e-02 1.302899999999999892e-01 2.938299999999999940e-02 1.282158130850127864e-01
1.959999999999999937e-02 1.289899999999999936e-01 2.898900000000000088e-02 1.281381185728981686e-01
1.990000000000000102e-02 1.280100000000000127e-01 2.905200000000000143e-02 1.280592701977933123e-01
2.019999999999999921e-02 1.286299999999999943e-01 2.888800000000000048e-02 1.279792699794240485e-01
2.040000000000000147e-02 1.239100000000000062e-01 2.859799999999999842e-02 1.279252975980487705e-01
2.069999999999999965e-02 1.237199999999999966e-01 2.844700000000000006e-02 1.278433822075362436e-01
2.100000000000000130e-02 1.239100000000000062e-01 2.857499999999999971e-02 1.277603205005726217e-01
2.129999999999999949e-02 1.247100000000000014e-01 2.901700000000000113e-02 1.276761146023109861e-01
2.160000000000000114e-02 1.252999999999999947e-01 2.970199999999999924e-02 1.275907666664621576e-01
2.179999999999999993e-02 1.238599999999999979e-01 2.936400000000000121e-02 1.275332346536902084e-01
2.210000000000000159e-02 1.244600000000000012e-01 2.906299999999999856e-02 1.274459881851876530e-01
2.239999999999999977e-02 1.237700000000000050e-01 2.922399999999999998e-02 1.273576055613027946e-01
2.270000000000000143e-02 1.240799999999999959e-01 2.931999999999999884e-02 1.272680890397287212e-01
2.299999999999999961e-02 1.252800000000000025e-01 2.930400000000000019e-02 1.271774409063136102e-01
2.319999999999999840e-02 1.270799999999999985e-01 2.946800000000000114e-02 1.271163812856447584e-01
2.350000000000000006e-02 1.265100000000000113e-01 2.959600000000000078e-02 1.270238522883350984e-01
2.380000000000000171e-02 1.248900000000000010e-01 2.933799999999999950e-02 1.269301979117275492e-01
2.409999999999999989e-02 1.234200000000000019e-01 2.912100000000000105e-02 1.268354205441203364e-01
2.440000000000000155e-02 1.227099999999999996e-01 2.900799999999999906e-02 1.267395226015353982e-01
2.460000000000000034e-02 1.234200000000000019e-01 2.901799999999999866e-02 1.266749693037647895e-01
2.489999999999999852e-02 1.247999999999999943e-01 2.879900000000000168e-02 1.265772091801528609e-01
2.520000000000000018e-02 1.280000000000000027e-01 2.914800000000000030e-02 1.264783350591018873e-01
2.549999999999999836e-02 1.297899999999999887e-01 2.887199999999999836e-02 1.263783494574675925e-01
2.580000000000000002e-02 1.311799999999999911e-01 2.881399999999999934e-02 1.262772549193765803e-01
2.610000000000000167e-02 1.287200000000000011e-01 2.907099999999999962e-02 1.261750540161275802e-01
2.630000000000000046e-02 1.213700000000000057e-01 2.916600000000000095e-02 1.261063067153525841e-01
2.659999999999999865e-02 1.144799999999999984e-01 2.903000000000000025e-02 1.260022676576492417e-01
2.690000000000000030e-02 1.136999999999999955e-01 2.878899999999999862e-02 1.258971292236517325e-01
2.719999999999999848e-02 1.110700000000000021e-01 2.854699999999999946e-02 1.257908940834159273e-01
2.750000000000000014e-02 1.098299999999999971e-01 2.828100000000000058e-02 1.256835649336893179e-01
2.769999999999999893e-02 1.162900000000000045e-01 2.821200000000000097e-02 1.256114057279198726e-01
2.800000000000000058e-02 1.217599999999999932e-01 2.825599999999999987e-02 1.255022592939755988e-01
2.829999999999999877e-02 1.262500000000000011e-01 2.862699999999999967e-02 1.253920261715532891e-01
2.860000000000000042e-02 1.236799999999999983e-01 2.883600000000000052e-02 1.252807091543583773e-01
2.889999999999999861e-02 1.199699999999999933e-01 2.861999999999999961e-02 1.251683110622859307e-01
2.910000000000000087e-02 1.202600000000000058e-01 2.884600000000000011e-02 1.250927798080999076e-01
2.939999999999999905e-02 1.222000000000000031e-01 2.858700000000000130e-02 1.249785862617815019e-01
2.970000000000000070e-02 1.180199999999999999e-01 2.830999999999999836e-02 1.248633192875032161e-01
2.999999999999999889e-02 1.184700000000000059e-01 2.849600000000000050e-02 1.247469818002384379e-01
3.030000000000000054e-02 1.204100000000000031e-01 2.889200000000000101e-02 1.246295767406274402e-01
3.049999999999999933e-02 1.235399999999999970e-01 2.890300000000000161e-02 1.245507150688768272e-01
3.080000000000000099e-02 1.171600000000000003e-01 2.873600000000000113e-02 1.244315373261256213e-01
3.109999999999999917e-02 1.157399999999999957e-01 2.891399999999999873e-02 1.243112999773406252e-01
3.139999999999999736e-02 1.191299999999999998e-01 2.887199999999999836e-02 1.241900060562837887e-01
3.169999999999999901e-02 1.186799999999999938e-01 2.884700000000000111e-02 1.240676586218399380e-01
3.189999999999999780e-02 1.200900000000000023e-01 2.924300000000000163e-02 1.239855099022114104e-01
3.219999999999999946e-02 1.224599999999999994e-01 2.929299999999999959e-02 1.238614134775005704e-01
3.250000000000000111e-02 1.219900000000000012e-01 2.924399999999999916e-02 1.237362718183417226e-01
3.280000000000000276e-02 1.180400000000000060e-01 2.883499999999999952e-02 1.236100880747096203e-01
3.309999999999999748e-02 1.143600000000000033e-01 2.859899999999999942e-02 1.234828654211377469e-01
3.330000000000000321e-02 1.130700000000000038e-01 2.845900000000000166e-02 1.233974747253037685e-01
3.359999999999999792e-02 1.120799999999999991e-01 2.834499999999999867e-02 1.232685276759959703e-01
3.389999999999999958e-02 1.168799999999999978e-01 2.856600000000000111e-02 1.231385503012944194e-01
3.420000000000000123e-02 1.216200000000000059e-01 2.902000000000000066e-02 1.230075458647183484e-01
3.450000000000000289e-02 1.221499999999999947e-01 2.912500000000000158e-02 1.228755176537620758e-01
3.479999999999999760e-02 1.200900000000000023e-01 2.904899999999999843e-02 1.227424689797672747e-01
3.500000000000000333e-02 1.226099999999999968e-01 2.880699999999999927e-02 1.226532045858319125e-01
3.529999999999999805e-02 1.238699999999999940e-01 2.844800000000000106e-02 1.225184625630072743e-01
3.559999999999999970e-02 1.243100000000000038e-01 2.869899999999999882e-02 1.223827090229971937e-01
3.590000000000000135e-02 1.234299999999999981e-01 2.897699999999999929e-02 1.222459473634793237e-01
3.620000000000000301e-02 1.217300000000000049e-01 2.892600000000000032e-02 1.221081810053720879e-01
3.640000000000000180e-02 1.166900000000000021e-01 2.855399999999999952e-02 1.220157803005579022e-01
3.670000000000000345e-02 1.157399999999999957e-01 2.833700000000000108e-02 1.218763471095462708e-01
3.699999999999999817e-02 1.221600000000000047e-01 2.875399999999999831e-02 1.217359184550077522e-01
3.729999999999999982e-02 1.254800000000000082e-01 2.914299999999999877e-02 1.215944978419390282e-01
3.760000000000000148e-02 1.225300000000000000e-01 2.942099999999999924e-02 1.214520887979532726e-01
3.780000000000000027e-02 1.185800000000000048e-01 2.915299999999999836e-02 1.213566020592203171e-01
3.810000000000000192e-02 1.170100000000000029e-01 2.921699999999999992e-02 1.212125535305084711e-01
3.839999999999999664e-02 1.136000000000000065e-01 2.890900000000000067e-02 1.210675260873786685e-01
3.869999999999999829e-02 1.134399999999999992e-01 2.884899999999999964e-02 1.209215233392001432e-01
3.899999999999999994e-02 1.168499999999999955e-01 2.862299999999999914e-02 1.207745489173160103e-01
3.919999999999999873e-02 1.183199999999999946e-01 2.855200000000000099e-02 1.206760279538122149e-01
3.950000000000000039e-02 1.180500000000000022e-01 2.840799999999999922e-02 1.205274422046442306e-01
3.980000000000000204e-02 1.186699999999999977e-01 2.865499999999999992e-02 1.203778945717175475e-01
4.009999999999999676e-02 1.212099999999999983e-01 2.906800000000000009e-02 1.202273887657464568e-01
4.039999999999999841e-02 1.218599999999999961e-01 2.904699999999999990e-02 1.200759285187604913e-01
4.059999999999999720e-02 1.178600000000000064e-01 2.850300000000000056e-02 1.199744266283278848e-01
4.089999999999999886e-02 1.135599999999999943e-01 2.853299999999999934e-02 1.198213839971569161e-01
4.120000000000000051e-02 1.066200000000000064e-01 2.852499999999999827e-02 1.196673969801683723e-01
4.150000000000000216e-02 1.076600000000000057e-01 2.874300000000000119e-02 1.195124693863181264e-01
4.179999999999999688e-02 1.127100000000000046e-01 2.865300000000000138e-02 1.193566050452026656e-01
4.200000000000000261e-02 1.170599999999999974e-01 2.876799999999999843e-02 1.192521769697523354e-01
4.229999999999999732e-02 1.218599999999999961e-01 2.914200000000000124e-02 1.190947599490066178e-01
4.259999999999999898e-02 1.224200000000000010e-01 2.939399999999999999e-02 1.189364164930474532e-01
4.290000000000000063e-02 1.216700000000000004e-01 2.957500000000000059e-02 1.187771505058952126e-01
4.320000000000000229e-02 1.184700000000000059e-01 2.890300000000000161e-02 1.186169659115212383e-01
4.349999999999999700e-02 1.180299999999999960e-01 2.894499999999999851e-02 1.184558666536981303e-01
4.370000000000000273e-02 1.185900000000000010e-01 2.903999999999999984e-02 1.183479609585640357e-01
4.399999999999999745e-02 1.203899999999999970e-01 2.908499999999999974e-02 1.181853460789018817e-01
4.429999999999999910e-02 1.202600000000000058e-01 2.873300000000000159e-02 1.180218271481769526e-01
4.460000000000000075e-02 1.151800000000000046e-01 2.852899999999999880e-02 1.178574081814741797e-01
4.490000000000000241e-02 1.136100000000000027e-01 2.867199999999999957e-02 1.176920932129720543e-01
4.510000000000000120e-02 1.163399999999999990e-01 2.852800000000000127e-02 1.175813874559587524e-01
4.540000000000000285e-02 1.189500000000000002e-01 2.858199999999999977e-02 1.174145881673391983e-01
4.569999999999999757e-02 1.150599999999999956e-01 2.848699999999999843e-02 1.172469037269084913e-01
4.599999999999999922e-02 1.096700000000000036e-01 2.822399999999999909e-02 1.170783382375386594e-01
4.630000000000000088e-02 1.116000000000000048e-01 2.844999999999999959e-02 1.169088958204741735e-01
4.649999999999999967e-02 1.147900000000000031e-01 2.888299999999999895e-02 1.167954490704786463e-01
4.680000000000000132e-02 1.164400000000000018e-01 2.912599999999999911e-02 1.166245543149836278e-01
4.710000000000000298e-02 1.155899999999999983e-01 2.913900000000000171e-02 1.164527937104118671e-01
4.739999999999999769e-02 1.153399999999999981e-01 2.929599999999999912e-02 1.162801714440336864e-01
4.769999999999999934e-02 1.147600000000000009e-01 2.910400000000000140e-02 1.161066917207583121e-01
4.789999999999999813e-02 1.156100000000000044e-01 2.932099999999999984e-02 1.159905642913811319e-01
4.819999999999999979e-02 1.141699999999999937e-01 2.922699999999999951e-02 1.158156648649245335e-01
4.850000000000000144e-02 1.146900000000000003e-01 2.894800000000000151e-02 1.156399192796869341e-01
4.880000000000000310e-02 1.126199999999999979e-01 2.877000000000000043e-02 1.154633318038906370e-01
4.909999999999999781e-02 1.100700000000000012e-01 2.832900000000000001e-02 1.152859067226508494e-01
4.929999999999999660e-02 1.103699999999999959e-01 2.817499999999999866e-02 1.151671601224854152e-01
4.959999999999999826e-02 1.144899999999999946e-01 2.797699999999999840e-02 1.149883486000227439e-01
4.989999999999999991e-02 1.138699999999999990e-01 2.800599999999999964e-02 1.148087109804509509e-01
5.020000000000000157e-02 1.116999999999999937e-01 2.815700000000000147e-02 1.146282516094428300e-01
5.050000000000000322e-02 1.106800000000000006e-01 2.828400000000000011e-02 1.144469748488073646e-01
5.079999999999999793e-02 1.086899999999999950e-01 2.822799999999999962e-02 1.142648850763261503e-01
5.099999999999999672e-02 1.069900000000000018e-01 2.801400000000000071e-02 1.141430423904527397e-01
5.129999999999999838e-02 1.034199999999999980e-01 2.768699999999999981e-02 1.139596073694939260e-01
5.160000000000000003e-02 1.038599999999999940e-01 2.826199999999999893e-02 1.137753710876122232e-01
5.190000000000000169e-02 1.096700000000000036e-01 2.847900000000000084e-02 1.135903379797480323e-01
5.220000000000000334e-02 1.111400000000000027e-01 2.851599999999999968e-02 1.134045124960448708e-01
5.240000000000000213e-02 1.110499999999999959e-01 2.848300000000000137e-02 1.132801908358569559e-01
5.269999999999999685e-02 1.125199999999999950e-01 2.848900000000000043e-02 1.130930546557290112e-01
5.299999999999999850e-02 1.086700000000000027e-01 2.833099999999999855e-02 1.129051380398728710e-01
5.330000000000000016e-02 1.060900000000000037e-01 2.800899999999999918e-02 1.127164454927520043e-01
5.360000000000000181e-02 1.071000000000000008e-01 2.758999999999999994e-02 1.125269815332543694e-01
5.380000000000000060e-02 1.086799999999999988e-01 2.760500000000000106e-02 1.124002459024990158e-01
5.410000000000000225e-02 1.097100000000000020e-01 2.803999999999999895e-02 1.122095063363237749e-01
5.439999999999999697e-02 1.116499999999999992e-01 2.806200000000000014e-02 1.120180074773785839e-01
5.469999999999999862e-02 1.132699999999999957e-01 2.833199999999999955e-02 1.118257538959995523e-01
5.500000000000000028e-02 1.097199999999999981e-01 2.878500000000000156e-02 1.116327501761597008e-01
5.519999999999999907e-02 1.082300000000000068e-01 2.868400000000000116e-02 1.115036665558021001e-01
5.550000000000000072e-02 1.050600000000000006e-01 2.877199999999999896e-02 1.113094228283010717e-01
5.580000000000000238e-02 1.085200000000000053e-01 2.916300000000000142e-02 1.111144412516441027e-01
5.609999999999999709e-02 1.058800000000000019e-01 2.883199999999999999e-02 1.109187264583510052e-01
5.639999999999999875e-02 1.087499999999999994e-01 2.892499999999999932e-02 1.107222830937832220e-01
5.659999999999999754e-02 1.115199999999999941e-01 2.911400000000000099e-02 1.105909183886653741e-01
5.689999999999999919e-02 1.120600000000000068e-01 2.865099999999999938e-02 1.103932710960014441e-01
5.720000000000000084e-02 1.107899999999999996e-01 2.867600000000000010e-02 1.101949076811718359e-01
5.750000000000000250e-02 1.088200000000000001e-01 2.886800000000000130e-02 1.099958328351565845e-01
5.779999999999999721e-02 1.087899999999999978e-01 2.851300000000000015e-02 1.097960512609754830e-01
5.800000000000000294e-02 1.068199999999999983e-01 2.851599999999999968e-02 1.096624732459520191e-01
5.829999999999999766e-02 1.069100000000000050e-01 2.843700000000000047e-02 1.094615242748031153e-01
5.859999999999999931e-02 1.044199999999999989e-01 2.812900000000000122e-02 1.092598811744216608e-01
5.890000000000000097e-02 1.051300000000000012e-01 2.772499999999999964e-02 1.090575486904940689e-01
5.920000000000000262e-02 1.046600000000000030e-01 2.735399999999999984e-02 1.088545315799385321e-01
5.949999999999999734e-02 1.073599999999999971e-01 2.759400000000000047e-02 1.086508346107310924e-01
5.970000000000000306e-02 1.085799999999999960e-01 2.798199999999999993e-02 1.085146612914966030e-01
5.999999999999999778e-02 1.103800000000000059e-01 2.884000000000000105e-02 1.083098418495205134e-01
6.029999999999999943e-02 1.089699999999999974e-01 2.898200000000000082e-02 1.081043553162318177e-01
6.060000000000000109e-02 1.080200000000000049e-01 2.816600000000000006e-02 1.078982064986612616e-01
6.090000000000000274e-02 1.061300000000000021e-01 2.776500000000000148e-02 1.076914002140834103e-01
6.110000000000000153e-02 1.038499999999999979e-01 2.807700000000000126e-02 1.075531664817137717e-01
6.140000000000000319e-02 1.028199999999999947e-01 2.844299999999999953e-02 1.073452751511126124e-01
6.169999999999999790e-02 1.013399999999999995e-01 2.842700000000000088e-02 1.071367392483183051e-01
6.199999999999999956e-02 9.957199999999999385e-02 2.820500000000000090e-02 1.069275636266666940e-01
6.230000000000000121e-02 1.055999999999999994e-01 2.800700000000000064e-02 1.067177531489192366e-01
6.250000000000000000e-02 1.126400000000000040e-01 2.820800000000000043e-02 1.065775292048125322e-01
6.279999999999999472e-02 1.123200000000000032e-01 2.819899999999999837e-02 1.063666714647508726e-01
6.310000000000000331e-02 1.094500000000000056e-01 2.809700000000000045e-02 1.061551918806990374e-01
6.339999999999999802e-02 1.095000000000000001e-01 2.808799999999999839e-02 1.059430953484728349e-01
6.370000000000000662e-02 1.081199999999999939e-01 2.818800000000000125e-02 1.057303867724918023e-01
6.389999999999999847e-02 1.078299999999999953e-01 2.817800000000000166e-02 1.055882434566186301e-01
6.419999999999999318e-02 1.087999999999999939e-01 2.812800000000000022e-02 1.053745257292320880e-01
6.450000000000000178e-02 1.089100000000000068e-01 2.778500000000000067e-02 1.051602090772636167e-01
6.479999999999999649e-02 1.131000000000000061e-01 2.787699999999999900e-02 1.049452984351696289e-01
6.510000000000000508e-02 1.123900000000000038e-01 2.775999999999999995e-02 1.047297987451862589e-01
6.529999999999999694e-02 1.105000000000000010e-01 2.768199999999999827e-02 1.045858074804272286e-01
6.560000000000000553e-02 1.097000000000000058e-01 2.740899999999999934e-02 1.043693370472779380e-01
6.590000000000000024e-02 1.112100000000000033e-01 2.756099999999999869e-02 1.041522907822242244e-01
6.619999999999999496e-02 1.145199999999999968e-01 2.783800000000000163e-02 1.039346736545140870e-01
6.650000000000000355e-02 1.155899999999999983e-01 2.801899999999999877e-02 1.037164906403495318e-01
6.669999999999999540e-02 1.161399999999999932e-01 2.840700000000000169e-02 1.035707233766662849e-01
6.700000000000000400e-02 1.146999999999999964e-01 2.842099999999999835e-02 1.033516082949635373e-01
6.729999999999999871e-02 1.113600000000000007e-01 2.881099999999999980e-02 1.031319406293283725e-01
6.759999999999999343e-02 1.073999999999999955e-01 2.917499999999999954e-02 1.029117253799452097e-01
6.790000000000000202e-02 1.096300000000000052e-01 2.894800000000000151e-02 1.026909675531260807e-01
6.819999999999999674e-02 1.113399999999999945e-01 2.890300000000000161e-02 1.024696721611330907e-01
6.840000000000000246e-02 1.105600000000000055e-01 2.882799999999999946e-02 1.023218457302955409e-01
6.869999999999999718e-02 1.122400000000000064e-01 2.913999999999999924e-02 1.020996655503066813e-01
6.900000000000000577e-02 1.152399999999999952e-01 2.906200000000000103e-02 1.018769611989199658e-01
6.930000000000000049e-02 1.114300000000000013e-01 2.881699999999999887e-02 1.016537377087002036e-01
6.959999999999999520e-02 1.070099999999999940e-01 2.866199999999999998e-02 1.014300001173362165e-01
6.980000000000000093e-02 1.074999999999999983e-01 2.877199999999999896e-02 1.012805586013390963e-01
7.009999999999999565e-02 1.101199999999999957e-01 2.924900000000000069e-02 1.010559753829551738e-01
7.040000000000000424e-02 1.079800000000000065e-01 2.950699999999999851e-02 1.008308915209688711e-01
7.069999999999999896e-02 1.021500000000000047e-01 2.917300000000000101e-02 1.006053120703437886e-01
7.099999999999999367e-02 1.005599999999999966e-01 2.898500000000000035e-02 1.003792420903418664e-01
7.119999999999999940e-02 1.002099999999999935e-01 2.833000000000000101e-02 1.002282587542925180e-01
7.149999999999999412e-02 1.022499999999999937e-01 2.799400000000000152e-02 1.000013824792501671e-01
7.180000000000000271e-02 1.033499999999999974e-01 2.811200000000000157e-02 9.977402918587011116e-02
7.209999999999999742e-02 1.053100000000000008e-01 2.826899999999999899e-02 9.954620394766645897e-02
7.240000000000000602e-02 1.044599999999999973e-01 2.812600000000000169e-02 9.931791184162877539e-02
7.259999999999999787e-02 1.011900000000000022e-01 2.824300000000000074e-02 9.916546024190560360e-02
7.290000000000000646e-02 1.000299999999999939e-01 2.812200000000000116e-02 9.893640131389172532e-02
7.320000000000000118e-02 9.692399999999999627e-02 2.779900000000000079e-02 9.870688907233500509e-02
7.349999999999999589e-02 9.222900000000000542e-02 2.743200000000000152e-02 9.847692860546283788e-02
7.380000000000000449e-02 9.327100000000000668e-02 2.713300000000000087e-02 9.824652500415748113e-02
7.399999999999999634e-02 9.283099999999999685e-02 2.705799999999999872e-02 9.809267893263468041e-02
7.430000000000000493e-02 9.325600000000000556e-02 2.721200000000000008e-02 9.786154809366749696e-02
7.459999999999999964e-02 9.274200000000000499e-02 2.756099999999999869e-02 9.762998770759931388e-02
7.489999999999999436e-02 9.645399999999999807e-02 2.771500000000000005e-02 9.739800287354764829e-02
7.520000000000000295e-02 9.841500000000000248e-02 2.795399999999999968e-02 9.716559869246788050e-02
7.549999999999999767e-02 9.576300000000000090e-02 2.831699999999999842e-02 9.693278026697868532e-02
7.570000000000000340e-02 9.685900000000000065e-02 2.853999999999999940e-02 9.677734036802719542e-02
7.599999999999999811e-02 1.020699999999999941e-01 2.874799999999999925e-02 9.654384287830704292e-02
7.630000000000000671e-02 1.018499999999999961e-01 2.823200000000000015e-02 9.630994475796725296e-02
7.660000000000000142e-02 9.827800000000000424e-02 2.763200000000000031e-02 9.607565111423557735e-02
7.689999999999999614e-02 9.405700000000000172e-02 2.763900000000000037e-02 9.584096705519129511e-02
7.710000000000000187e-02 9.541499999999999981e-02 2.807600000000000026e-02 9.568429664125314982e-02
7.739999999999999658e-02 1.036900000000000044e-01 2.808199999999999932e-02 9.544897324307270725e-02
7.770000000000000517e-02 1.038400000000000017e-01 2.814300000000000135e-02 9.521327305397121743e-02
7.799999999999999989e-02 1.023600000000000065e-01 2.834899999999999920e-02 9.497720118367028452e-02
7.829999999999999460e-02 9.881600000000000106e-02 2.804600000000000148e-02 9.474076274193678204e-02
7.850000000000000033e-02 9.673900000000000554e-02 2.776700000000000002e-02 9.458293598660803825e-02
7.879999999999999505e-02 9.712300000000000100e-02 2.782000000000000098e-02 9.434589794710243615e-02
7.910000000000000364e-02 9.669700000000000517e-02 2.827199999999999852e-02 9.410850696112336988e-02
7.939999999999999836e-02 9.400000000000000022e-02 2.837399999999999992e-02 9.387076813713420009e-02
7.969999999999999307e-02 9.236199999999999966e-02 2.833199999999999955e-02 9.363268658284330803e-02
7.989999999999999880e-02 8.998399999999999455e-02 2.796999999999999834e-02 9.347377766283744560e-02
8.019999999999999352e-02 9.281100000000000461e-02 2.770600000000000146e-02 9.323513623924906124e-02
8.050000000000000211e-02 9.443100000000000105e-02 2.768199999999999827e-02 9.299616570092701651e-02
8.079999999999999682e-02 9.563399999999999679e-02 2.778800000000000020e-02 9.275687115135418381e-02
8.110000000000000542e-02 9.792099999999999416e-02 2.758499999999999841e-02 9.251725769246499365e-02
8.129999999999999727e-02 9.601899999999999324e-02 2.736099999999999990e-02 9.235734073339782468e-02
8.160000000000000586e-02 9.306499999999999495e-02 2.718399999999999983e-02 9.211720709187211364e-02
8.190000000000000058e-02 9.560599999999999654e-02 2.733800000000000119e-02 9.187676813733389181e-02
8.219999999999999529e-02 1.021200000000000024e-01 2.770299999999999846e-02 9.163602896459632774e-02
8.250000000000000389e-02 1.025999999999999968e-01 2.784100000000000116e-02 9.139499466613835998e-02
8.269999999999999574e-02 1.033400000000000013e-01 2.765000000000000097e-02 9.123414368877663660e-02
8.300000000000000433e-02 1.008499999999999952e-01 2.736600000000000144e-02 9.099262882386810469e-02
8.329999999999999905e-02 1.000400000000000039e-01 2.772399999999999864e-02 9.075083240050006717e-02
8.359999999999999376e-02 9.703799999999999926e-02 2.761399999999999966e-02 9.050875950116397950e-02
8.390000000000000235e-02 9.407899999999999596e-02 2.753399999999999945e-02 9.026641520523960571e-02
8.419999999999999707e-02 9.436300000000000243e-02 2.771099999999999952e-02 9.002380458882952574e-02
8.440000000000000280e-02 9.227299999999999391e-02 2.798099999999999893e-02 8.986191872722820717e-02
8.469999999999999751e-02 9.366700000000000026e-02 2.801199999999999871e-02 8.961887551414625397e-02
8.500000000000000611e-02 9.587700000000000389e-02 2.825199999999999934e-02 8.937557949957677939e-02
8.530000000000000082e-02 9.165099999999999636e-02 2.800599999999999964e-02 8.913203574619744940e-02
8.559999999999999554e-02 9.508800000000000585e-02 2.786200000000000135e-02 8.888824931264249773e-02
8.580000000000000127e-02 9.484399999999999775e-02 2.767800000000000121e-02 8.872559269747762323e-02
8.609999999999999598e-02 9.511500000000000510e-02 2.788300000000000153e-02 8.848141302687369258e-02
8.640000000000000457e-02 9.379200000000000037e-02 2.771799999999999958e-02 8.823700414477872456e-02
8.669999999999999929e-02 9.184799999999999909e-02 2.760500000000000106e-02 8.799237109360995290e-02
8.699999999999999400e-02 9.095899999999999819e-02 2.783499999999999863e-02 8.774751891098443723e-02
8.719999999999999973e-02 8.894000000000000516e-02 2.805799999999999961e-02 8.758416486834061376e-02
8.749999999999999445e-02 8.865099999999999369e-02 2.790400000000000172e-02 8.733895864777900531e-02
8.780000000000000304e-02 8.994800000000000018e-02 2.760999999999999913e-02 8.709354670471866622e-02
8.809999999999999776e-02 9.105299999999999505e-02 2.762999999999999831e-02 8.684793405780523445e-02
8.840000000000000635e-02 9.054399999999999948e-02 2.761800000000000019e-02 8.660212572013852028e-02
8.859999999999999820e-02 8.497399999999999398e-02 2.780099999999999932e-02 8.643814725096966856e-02
8.890000000000000679e-02 8.342299999999999716e-02 2.765600000000000003e-02 8.619202388670478554e-02
8.920000000000000151e-02 8.807500000000000051e-02 2.750000000000000014e-02 8.594571817163684790e-02
8.949999999999999623e-02 8.726299999999999335e-02 2.743100000000000052e-02 8.569923509717991550e-02
8.980000000000000482e-02 8.849899999999999434e-02 2.732700000000000060e-02 8.545257964846754428e-02
8.999999999999999667e-02 8.832900000000000473e-02 2.695499999999999979e-02 8.528804937806962194e-02
9.030000000000000526e-02 9.053600000000000536e-02 2.718500000000000083e-02 8.504111769945472965e-02
9.059999999999999998e-02 9.454799999999999316e-02 2.734299999999999925e-02 8.479402690838629131e-02
9.089999999999999469e-02 9.000700000000000367e-02 2.735599999999999837e-02 8.454678196564043013e-02
9.120000000000000329e-02 8.766899999999999693e-02 2.732400000000000106e-02 8.429938782499031558e-02
9.139999999999999514e-02 8.480400000000000438e-02 2.715100000000000152e-02 8.413437795323853996e-02
9.170000000000000373e-02 8.307799999999999907e-02 2.703500000000000000e-02 8.388674613829362470e-02
9.199999999999999845e-02 8.447300000000000642e-02 2.714799999999999852e-02 8.363897830010588730e-02
9.229999999999999316e-02 8.824899999999999411e-02 2.757599999999999982e-02 8.339107936546422128e-02
9.260000000000000175e-02 8.888500000000000567e-02 2.786599999999999841e-02 8.314305425344463429e-02
9.289999999999999647e-02 8.609899999999999498e-02 2.744100000000000011e-02 8.289490787525952142e-02
9.310000000000000220e-02 8.497399999999999398e-02 2.722000000000000114e-02 8.272941200804471984e-02
9.339999999999999691e-02 8.381900000000000461e-02 2.704600000000000060e-02 8.248107441155708153e-02
9.370000000000000551e-02 8.610299999999999898e-02 2.692200000000000149e-02 8.223262860588931300e-02
9.400000000000000022e-02 8.346900000000000153e-02 2.724100000000000132e-02 8.198407947214379765e-02
9.429999999999999494e-02 8.229200000000000403e-02 2.756300000000000069e-02 8.173543188286552796e-02
9.450000000000000067e-02 8.530999999999999694e-02 2.762500000000000025e-02 8.156961452808775270e-02
9.479999999999999538e-02 8.631900000000000683e-02 2.792999999999999997e-02 8.132081365042521937e-02
9.510000000000000397e-02 8.603900000000000436e-02 2.798600000000000046e-02 8.107192726773196356e-02
9.539999999999999869e-02 8.415899999999999770e-02 2.781099999999999892e-02 8.082296021992395330e-02
9.569999999999999341e-02 8.268999999999999961e-02 2.791099999999999831e-02 8.057391733767964304e-02
9.589999999999999913e-02 8.318499999999999506e-02 2.788200000000000053e-02 8.040784900055231166e-02
9.619999999999999385e-02 8.075100000000000333e-02 2.772600000000000064e-02 8.015869043687717799e-02
9.650000000000000244e-02 8.382299999999999474e-02 2.764700000000000144e-02 7.990946887432255619e-02
9.679999999999999716e-02 8.455100000000000116e-02 2.784100000000000116e-02 7.966018910847083578e-02
9.710000000000000575e-02 8.245900000000000452e-02 2.757000000000000076e-02 7.941085592500153612e-02
9.729999999999999760e-02 8.215100000000000180e-02 2.698199999999999904e-02 7.924460648499062621e-02
9.760000000000000620e-02 8.178900000000000059e-02 2.692800000000000055e-02 7.899519487965946107e-02
9.790000000000000091e-02 7.856000000000000483e-02 2.682199999999999862e-02 7.874574256904062763e-02
9.819999999999999563e-02 7.576800000000000201e-02 2.677600000000000119e-02 7.849625430130456605e-02
9.850000000000000422e-02 7.583900000000000363e-02 2.676999999999999866e-02 7.824673481406828335e-02
9.869999999999999607e-02 7.848600000000000021e-02 2.712300000000000127e-02 7.808037347980605059e-02
9.900000000000000466e-02 8.077399999999999858e-02 2.718999999999999889e-02 7.783081245900885792e-02
9.929999999999999938e-02 8.229799999999999616e-02 2.715100000000000152e-02 7.758123279972008179e-02
9.959999999999999409e-02 8.270700000000000274e-02 2.713899999999999993e-02 7.733163919969104905e-02
9.990000000000000269e-02 8.058800000000000685e-02 2.723199999999999926e-02 7.708203634548475847e-02
1.000999999999999945e-01 7.927299999999999625e-02 2.690100000000000130e-02 7.691563161070183452e-02
1.004000000000000031e-01 7.697800000000000475e-02 2.693900000000000114e-02 7.666602371663908122e-02
1.006999999999999978e-01 7.735400000000000609e-02 2.727800000000000016e-02 7.641641901018547678e-02
1.010000000000000064e-01 7.919700000000000351e-02 2.727200000000000110e-02 7.616682213573963689e-02
1.013000000000000012e-01 7.721000000000000085e-02 2.725599999999999898e-02 7.591723772589294150e-02
1.015999999999999959e-01 7.802499999999999714e-02 2.753799999999999998e-02 7.566767040129925015e-02
1.018000000000000016e-01 7.930700000000000249e-02 2.778200000000000114e-02 7.550130395305629238e-02
1.020999999999999963e-01 8.026999999999999413e-02 2.790600000000000025e-02 7.525177533916986572e-02
1.024000000000000049e-01 7.874799999999999855e-02 2.802100000000000077e-02 7.500227607293415144e-02
1.026999999999999996e-01 7.694299999999999751e-02 2.797300000000000134e-02 7.475281073012782218e-02
1.029999999999999943e-01 7.627599999999999658e-02 2.796099999999999974e-02 7.450338387399318973e-02
1.032000000000000001e-01 7.573699999999999877e-02 2.780699999999999839e-02 7.433712293244594538e-02
1.034999999999999948e-01 7.237499999999999489e-02 2.759700000000000000e-02 7.408777032685440189e-02
1.038000000000000034e-01 6.985600000000000143e-02 2.736900000000000097e-02 7.383846831433596436e-02
1.040999999999999981e-01 6.786999999999999977e-02 2.683899999999999827e-02 7.358922141109400239e-02
1.044000000000000067e-01 6.655300000000000105e-02 2.665599999999999914e-02 7.334003412021385115e-02
1.045999999999999985e-01 6.633999999999999619e-02 2.663899999999999949e-02 7.317394459536200046e-02
1.048999999999999932e-01 6.935199999999999698e-02 2.683200000000000168e-02 7.292486662925877494e-02
1.052000000000000018e-01 7.320200000000000318e-02 2.674599999999999894e-02 7.267586021868555068e-02
1.054999999999999966e-01 7.560999999999999666e-02 2.688700000000000118e-02 7.242692981758844240e-02
1.058000000000000052e-01 7.535200000000000231e-02 2.698100000000000151e-02 7.217807986623146765e-02
1.059999999999999970e-01 7.480100000000000637e-02 2.707299999999999984e-02 7.201222677943981687e-02
1.063000000000000056e-01 7.713399999999999423e-02 2.693900000000000114e-02 7.176352074070092846e-02
1.066000000000000003e-01 7.688599999999999601e-02 2.656499999999999834e-02 7.151490692461864862e-02
1.068999999999999950e-01 7.620599999999999596e-02 2.620400000000000160e-02 7.126638972028237484e-02
1.072000000000000036e-01 7.789200000000000290e-02 2.631500000000000158e-02 7.101797350255358021e-02
1.073999999999999955e-01 7.515600000000000058e-02 2.625600000000000156e-02 7.085242094834162674e-02
1.077000000000000041e-01 7.495799999999999685e-02 2.619300000000000100e-02 7.060418272453308774e-02
1.079999999999999988e-01 7.195400000000000407e-02 2.633900000000000130e-02 7.035605708320151475e-02
1.082999999999999935e-01 6.776100000000000179e-02 2.657400000000000040e-02 7.010804834606484959e-02
1.086000000000000021e-01 6.975299999999999556e-02 2.700400000000000023e-02 6.986016082008550399e-02
1.087999999999999939e-01 6.812100000000000100e-02 2.660300000000000165e-02 6.969497192913319539e-02
1.091000000000000025e-01 6.647300000000000431e-02 2.640599999999999892e-02 6.944729595234955255e-02
1.093999999999999972e-01 6.554200000000000303e-02 2.632299999999999918e-02 6.919975259897864772e-02
1.097000000000000058e-01 6.632799999999999807e-02 2.650100000000000025e-02 6.895234612093852078e-02
1.100000000000000006e-01 6.987899999999999667e-02 2.634399999999999936e-02 6.870508075488261646e-02
1.102999999999999953e-01 7.340900000000000203e-02 2.651500000000000037e-02 6.845796072209303640e-02
1.105000000000000010e-01 7.010600000000000165e-02 2.619700000000000153e-02 6.829329685185098198e-02
1.107999999999999957e-01 7.035800000000000387e-02 2.601799999999999946e-02 6.804642837971484892e-02
1.111000000000000043e-01 6.917099999999999638e-02 2.605400000000000077e-02 6.779971642164733803e-02
1.113999999999999990e-01 6.826999999999999735e-02 2.603600000000000012e-02 6.755316514167122866e-02
1.116999999999999937e-01 6.511400000000000521e-02 2.615299999999999916e-02 6.730677868795192920e-02
1.118999999999999995e-01 6.580400000000000138e-02 2.650299999999999878e-02 6.714261466353753371e-02
1.121999999999999942e-01 6.485599999999999699e-02 2.629400000000000140e-02 6.689651209500156737e-02
1.125000000000000028e-01 5.955799999999999983e-02 2.621899999999999925e-02 6.665058533620336900e-02
1.127999999999999975e-01 5.935700000000000004e-02 2.625500000000000056e-02 6.640483847630297698e-02
1.131000000000000061e-01 6.056899999999999784e-02 2.641699999999999951e-02 6.615927558813677889e-02
1.132999999999999979e-01 6.208700000000000330e-02 2.643399999999999916e-02 6.599567120639172890e-02
1.136000000000000065e-01 6.231099999999999833e-02 2.628099999999999881e-02 6.575042394388584677e-02
1.139000000000000012e-01 6.489499999999999436e-02 2.655799999999999828e-02 6.550537143346862878e-02
1.141999999999999960e-01 6.512199999999999933e-02 2.665199999999999861e-02 6.526051768729651537e-02
1.145000000000000046e-01 6.092899999999999705e-02 2.631100000000000105e-02 6.501586670075545915e-02
1.146999999999999964e-01 6.174600000000000227e-02 2.610799999999999926e-02 6.485288065270006230e-02
1.150000000000000050e-01 6.650399999999999368e-02 2.630400000000000099e-02 6.460857643166866005e-02
1.152999999999999997e-01 6.827099999999999835e-02 2.591600000000000154e-02 6.436448554193628657e-02
1.155999999999999944e-01 6.932099999999999373e-02 2.600299999999999834e-02 6.412061191660711756e-02
1.159000000000000030e-01 6.870099999999999818e-02 2.610799999999999926e-02 6.387695947158797405e-02
1.160999999999999949e-01 6.914700000000000013e-02 2.620600000000000013e-02 6.371464931215072014e-02
1.164000000000000035e-01 6.887799999999999478e-02 2.640699999999999992e-02 6.347137415600678789e-02
1.166999999999999982e-01 6.673500000000000265e-02 2.658999999999999905e-02 6.322833053784235324e-02
1.170000000000000068e-01 6.485899999999999999e-02 2.675599999999999853e-02 6.298552230975412725e-02
1.173000000000000015e-01 6.578100000000000613e-02 2.686099999999999946e-02 6.274295330623470834e-02
1.175999999999999962e-01 6.509299999999999808e-02 2.693600000000000161e-02 6.250062734408823317e-02
1.178000000000000019e-01 6.479100000000000137e-02 2.663700000000000095e-02 6.233921360244117083e-02
1.180999999999999966e-01 6.735399999999999721e-02 2.697300000000000045e-02 6.209730114272889179e-02
1.184000000000000052e-01 6.619899999999999396e-02 2.680300000000000044e-02 6.185564181542361345e-02
1.187000000000000000e-01 6.286999999999999533e-02 2.642100000000000004e-02 6.161423937176344068e-02
1.189999999999999947e-01 6.390500000000000347e-02 2.657699999999999993e-02 6.137309754491594715e-02
1.192000000000000004e-01 6.274899999999999922e-02 2.607299999999999895e-02 6.121248294946171620e-02
1.194999999999999951e-01 5.937699999999999922e-02 2.599699999999999928e-02 6.097178373056549860e-02
1.198000000000000037e-01 5.756499999999999811e-02 2.562599999999999947e-02 6.073135499465135562e-02
1.200999999999999984e-01 5.775099999999999678e-02 2.533399999999999888e-02 6.049120040795796793e-02
1.203999999999999931e-01 5.653899999999999898e-02 2.563500000000000154e-02 6.025132361829202421e-02
1.205999999999999989e-01 5.353800000000000225e-02 2.571199999999999875e-02 6.009156188320741859e-02
1.208999999999999936e-01 5.493599999999999872e-02 2.624200000000000144e-02 5.985215614452591565e-02
1.212000000000000022e-01 5.794699999999999851e-02 2.641200000000000145e-02 5.961303783967929204e-02
1.214999999999999969e-01 5.923500000000000293e-02 2.652799999999999950e-02 5.937421054825827577e-02
1.218000000000000055e-01 5.917200000000000237e-02 2.593900000000000025e-02 5.913567783108087533e-02
1.219999999999999973e-01 5.961099999999999732e-02 2.576799999999999924e-02 5.897682142188792609e-02
1.223000000000000059e-01 5.723400000000000015e-02 2.640299999999999939e-02 5.873878752350254751e-02
1.226000000000000006e-01 5.706100000000000061e-02 2.635399999999999895e-02 5.850105760256683884e-02
1.228999999999999954e-01 5.308100000000000318e-02 2.603400000000000158e-02 5.826363515047174035e-02
1.232000000000000040e-01 5.328100000000000197e-02 2.616500000000000076e-02 5.802652363951583958e-02
1.233999999999999958e-01 6.009400000000000158e-02 2.622999999999999984e-02 5.786862375000070141e-02
1.237000000000000044e-01 5.803699999999999831e-02 2.574099999999999999e-02 5.763203813843150586e-02
1.239999999999999991e-01 5.574899999999999994e-02 2.575500000000000012e-02 5.739577263362589249e-02
1.242999999999999938e-01 5.208600000000000035e-02 2.548399999999999971e-02 5.715983063732092001e-02
1.246000000000000024e-01 5.366699999999999943e-02 2.529800000000000104e-02 5.692421553186230443e-02
1.247999999999999943e-01 5.374700000000000311e-02 2.496299999999999908e-02 5.676732206240592965e-02
1.250999999999999890e-01 5.645000000000000018e-02 2.486299999999999968e-02 5.653225923848661377e-02
1.254000000000000115e-01 6.060399999999999815e-02 2.519300000000000012e-02 5.629753222973669924e-02
1.257000000000000062e-01 5.833900000000000197e-02 2.572699999999999987e-02 5.606314434688296211e-02
1.260000000000000009e-01 5.564800000000000302e-02 2.612499999999999892e-02 5.582909888098289142e-02
1.262999999999999956e-01 5.489999999999999741e-02 2.613400000000000098e-02 5.559539910336786656e-02
1.265000000000000013e-01 5.660199999999999954e-02 2.597199999999999856e-02 5.543979290719090042e-02
1.267999999999999960e-01 5.454500000000000320e-02 2.573999999999999899e-02 5.520667649258934051e-02
1.270999999999999908e-01 5.355100000000000138e-02 2.569000000000000103e-02 5.497391439296290400e-02
1.274000000000000132e-01 5.453299999999999814e-02 2.566399999999999931e-02 5.474150980684349549e-02
1.277000000000000079e-01 5.415799999999999781e-02 2.559000000000000163e-02 5.450946591278472975e-02
1.279000000000000137e-01 5.321700000000000041e-02 2.558500000000000010e-02 5.435497192848093295e-02
1.282000000000000084e-01 5.204099999999999698e-02 2.520199999999999871e-02 5.412353619688410611e-02
1.285000000000000031e-01 4.920599999999999974e-02 2.483600000000000044e-02 5.389246953543095492e-02
1.287999999999999978e-01 5.160800000000000110e-02 2.520400000000000071e-02 5.366177504898893974e-02
1.290999999999999925e-01 5.453899999999999720e-02 2.559799999999999923e-02 5.343145582221577733e-02
1.292999999999999983e-01 5.592899999999999955e-02 2.558699999999999863e-02 5.327811966274702965e-02
1.295999999999999930e-01 5.232400000000000245e-02 2.515099999999999975e-02 5.304843266851178019e-02
1.298999999999999877e-01 5.181100000000000289e-02 2.529199999999999851e-02 5.281912906054334056e-02
1.302000000000000102e-01 5.353299999999999725e-02 2.551799999999999902e-02 5.259021184900391360e-02
1.305000000000000049e-01 5.306299999999999906e-02 2.519899999999999918e-02 5.236168402363589741e-02
1.307000000000000106e-01 5.272500000000000103e-02 2.541500000000000009e-02 5.220954993286242712e-02
1.310000000000000053e-01 5.158599999999999991e-02 2.585900000000000004e-02 5.198167767272333234e-02
1.313000000000000000e-01 5.414399999999999769e-02 2.633900000000000130e-02 5.175420267125230983e-02
1.315999999999999948e-01 5.549199999999999966e-02 2.629199999999999940e-02 5.152712784296393372e-02
1.318999999999999895e-01 5.514700000000000157e-02 2.585199999999999998e-02 5.130045608176365957e-02
1.320999999999999952e-01 5.668800000000000228e-02 2.580599999999999908e-02 5.114956692020076329e-02
1.323999999999999899e-01 5.782899999999999846e-02 2.594000000000000125e-02 5.092357331228686279e-02
1.327000000000000124e-01 5.260399999999999798e-02 2.586000000000000104e-02 5.069799038750203574e-02
1.330000000000000071e-01 5.389300000000000340e-02 2.587599999999999970e-02 5.047282096386872252e-02
1.333000000000000018e-01 5.504499999999999671e-02 2.588100000000000123e-02 5.024806783863204618e-02
1.335000000000000075e-01 5.243199999999999944e-02 2.590900000000000147e-02 5.009846507063068360e-02
1.338000000000000023e-01 5.316400000000000292e-02 2.558300000000000157e-02 4.987441193561767405e-02
1.340999999999999970e-01 5.355100000000000138e-02 2.519100000000000159e-02 4.965078245649287569e-02
1.343999999999999917e-01 5.089799999999999880e-02 2.510799999999999838e-02 4.942757935403982450e-02
1.346999999999999864e-01 5.239100000000000007e-02 2.517399999999999846e-02 4.920480532811740554e-02
1.350000000000000089e-01 4.852599999999999969e-02 2.535000000000000100e-02 4.898246305763084840e-02
1.351999999999999869e-01 4.681600000000000344e-02 2.558799999999999963e-02 4.883447605485672499e-02
1.355000000000000093e-01 4.586199999999999999e-02 2.533699999999999841e-02 4.861285927288708231e-02
1.358000000000000040e-01 4.304299999999999793e-02 2.531900000000000123e-02 4.839168128745173492e-02
1.360999999999999988e-01 4.157799999999999691e-02 2.549299999999999830e-02 4.817094470039451348e-02
1.363999999999999935e-01 4.333300000000000346e-02 2.566999999999999837e-02 4.795065209248363519e-02
1.365999999999999992e-01 4.448599999999999777e-02 2.592399999999999913e-02 4.780403827386064258e-02
1.368999999999999939e-01 4.554199999999999915e-02 2.605899999999999883e-02 4.758449130891724554e-02
1.371999999999999886e-01 4.242599999999999844e-02 2.586499999999999910e-02 4.736539510195617725e-02
1.375000000000000111e-01 4.271199999999999997e-02 2.554400000000000073e-02 4.714675215627420896e-02
1.378000000000000058e-01 4.532800000000000024e-02 2.528000000000000039e-02 4.692856495399094774e-02
1.380000000000000115e-01 4.814199999999999730e-02 2.504999999999999935e-02 4.678336122605607911e-02
1.383000000000000063e-01 5.077999999999999875e-02 2.500899999999999998e-02 4.656593905434680547e-02
1.386000000000000010e-01 5.246800000000000075e-02 2.537800000000000125e-02 4.634897914134646774e-02
1.388999999999999957e-01 5.031100000000000155e-02 2.531999999999999876e-02 4.613248389136865441e-02
1.391999999999999904e-01 4.705499999999999960e-02 2.532099999999999976e-02 4.591645568746860473e-02
1.393999999999999961e-01 4.475200000000000011e-02 2.534499999999999947e-02 4.577269752209990605e-02
1.396999999999999909e-01 4.664100000000000190e-02 2.540299999999999850e-02 4.555745296622315532e-02
1.400000000000000133e-01 4.745800000000000018e-02 2.555400000000000033e-02 4.534268170719987084e-02
1.403000000000000080e-01 4.683500000000000163e-02 2.533699999999999841e-02 4.512838605001946030e-02
1.406000000000000028e-01 4.774699999999999778e-02 2.510000000000000078e-02 4.491456827835220433e-02
1.408000000000000085e-01 4.629799999999999888e-02 2.458700000000000122e-02 4.477228970727585577e-02
1.411000000000000032e-01 4.708400000000000085e-02 2.488800000000000040e-02 4.455927342835061533e-02
1.413999999999999979e-01 4.518699999999999800e-02 2.495199999999999849e-02 4.434674102042335253e-02
1.416999999999999926e-01 4.299100000000000144e-02 2.532900000000000082e-02 4.413469468891256797e-02
1.419999999999999873e-01 4.349499999999999894e-02 2.606599999999999889e-02 4.392313661787698026e-02
1.421999999999999931e-01 4.228699999999999820e-02 2.625699999999999909e-02 4.378237022854871568e-02
1.424999999999999878e-01 4.333100000000000146e-02 2.606599999999999889e-02 4.357163072040262652e-02
1.428000000000000103e-01 4.191700000000000287e-02 2.580299999999999955e-02 4.336138519241934663e-02
1.431000000000000050e-01 3.911499999999999699e-02 2.527799999999999839e-02 4.315163575029321713e-02
1.433999999999999997e-01 3.867700000000000304e-02 2.518300000000000052e-02 4.294238447833795269e-02
1.436999999999999944e-01 3.944600000000000189e-02 2.529599999999999904e-02 4.273363343948484439e-02
1.439000000000000001e-01 4.251900000000000124e-02 2.489299999999999846e-02 4.259474499658019719e-02
1.441999999999999948e-01 4.213900000000000284e-02 2.485400000000000109e-02 4.238683220577729727e-02
1.444999999999999896e-01 4.055500000000000077e-02 2.470699999999999980e-02 4.217942504468563669e-02
1.448000000000000120e-01 3.815400000000000041e-02 2.412299999999999861e-02 4.197252549783252185e-02
1.451000000000000068e-01 3.754899999999999904e-02 2.444800000000000098e-02 4.176613552836586779e-02
1.453000000000000125e-01 3.867899999999999811e-02 2.455799999999999997e-02 4.162882627371525257e-02
1.456000000000000072e-01 4.072300000000000225e-02 2.489999999999999852e-02 4.142328990438633174e-02
1.459000000000000019e-01 3.911900000000000099e-02 2.498500000000000026e-02 4.121826824301005193e-02
1.461999999999999966e-01 3.651000000000000079e-02 2.473500000000000004e-02 4.101376317437679248e-02
1.464999999999999913e-01 3.579399999999999943e-02 2.486899999999999875e-02 4.080977656191980135e-02
1.466999999999999971e-01 3.604299999999999865e-02 2.504599999999999882e-02 4.067407442870666495e-02
1.469999999999999918e-01 3.625400000000000150e-02 2.516300000000000134e-02 4.047095599285591150e-02
1.472999999999999865e-01 3.671399999999999664e-02 2.508099999999999913e-02 4.026836087798210673e-02
1.476000000000000090e-01 4.115599999999999814e-02 2.500600000000000045e-02 4.006629086927771671e-02
1.479000000000000037e-01 4.193899999999999711e-02 2.470999999999999933e-02 3.986474773061950833e-02
1.481000000000000094e-01 4.125000000000000194e-02 2.464399999999999924e-02 3.973067920516774182e-02
1.484000000000000041e-01 3.887199999999999683e-02 2.408499999999999877e-02 3.953001804512051853e-02
1.486999999999999988e-01 4.003600000000000214e-02 2.406799999999999912e-02 3.932988835466871141e-02
1.489999999999999936e-01 3.817199999999999760e-02 2.432000000000000134e-02 3.913029181963426778e-02
1.492999999999999883e-01 3.898100000000000176e-02 2.461500000000000146e-02 3.893123010458338085e-02
1.494999999999999940e-01 3.391600000000000170e-02 2.477000000000000035e-02 3.879882022915501216e-02
1.497999999999999887e-01 3.328899999999999915e-02 2.501499999999999904e-02 3.860065352209646888e-02
1.501000000000000112e-01 3.422200000000000242e-02 2.489399999999999946e-02 3.840302597006645807e-02
1.504000000000000059e-01 3.126999999999999919e-02 2.515799999999999981e-02 3.820593915983051120e-02
1.507000000000000006e-01 3.293200000000000294e-02 2.549099999999999977e-02 3.800939465697680819e-02
1.509000000000000064e-01 3.854899999999999993e-02 2.563999999999999960e-02 3.787866703383833272e-02
1.512000000000000011e-01 3.712700000000000028e-02 2.530200000000000157e-02 3.768302979824915411e-02
1.514999999999999958e-01 3.557300000000000045e-02 2.488900000000000140e-02 3.748793894155909301e-02
1.517999999999999905e-01 3.380099999999999771e-02 2.446200000000000110e-02 3.729339595187659145e-02
1.521000000000000130e-01 3.376900000000000041e-02 2.460599999999999940e-02 3.709940229622928770e-02
1.524000000000000077e-01 3.216800000000000215e-02 2.450799999999999854e-02 3.690595942058712969e-02
1.526000000000000134e-01 3.382999999999999896e-02 2.464300000000000171e-02 3.677730419692101099e-02
1.529000000000000081e-01 3.786199999999999982e-02 2.514900000000000121e-02 3.658478244410234143e-02
1.532000000000000028e-01 3.485200000000000103e-02 2.444999999999999951e-02 3.639281522444304251e-02
1.534999999999999976e-01 3.331200000000000133e-02 2.401800000000000115e-02 3.620140390691101856e-02
1.537999999999999923e-01 3.338100000000000095e-02 2.391700000000000076e-02 3.601054983953438926e-02
1.539999999999999980e-01 3.443600000000000133e-02 2.328399999999999914e-02 3.588362403426190173e-02
1.542999999999999927e-01 3.513399999999999856e-02 2.345200000000000062e-02 3.569370165597642724e-02
1.545999999999999874e-01 3.235400000000000081e-02 2.362799999999999970e-02 3.550434002042766879e-02
1.549000000000000099e-01 3.129200000000000037e-02 2.348000000000000087e-02 3.531554039910612258e-02
1.552000000000000046e-01 3.409999999999999837e-02 2.388200000000000045e-02 3.512730404269782253e-02
1.554000000000000103e-01 3.210799999999999765e-02 2.415399999999999839e-02 3.500212667159559310e-02
1.557000000000000051e-01 3.315400000000000291e-02 2.449600000000000041e-02 3.481483181293790197e-02
1.559999999999999998e-01 3.558399999999999758e-02 2.456699999999999856e-02 3.462810345288463987e-02
1.562999999999999945e-01 3.706299999999999872e-02 2.404200000000000087e-02 3.444194276611121930e-02
1.565999999999999892e-01 3.840299999999999964e-02 2.379300000000000165e-02 3.425635090664059385e-02
1.567999999999999949e-01 3.783299999999999857e-02 2.390199999999999964e-02 3.413293957604877915e-02
1.570999999999999897e-01 3.554299999999999821e-02 2.371699999999999850e-02 3.394829827059577670e-02
1.574000000000000121e-01 3.483499999999999791e-02 2.365099999999999841e-02 3.376422876913946075e-02
1.577000000000000068e-01 3.224799999999999889e-02 2.378999999999999865e-02 3.358073215028036657e-02
1.580000000000000016e-01 3.361399999999999805e-02 2.445500000000000104e-02 3.339780947213511625e-02
1.582000000000000073e-01 3.318000000000000116e-02 2.426400000000000085e-02 3.327618038926079269e-02
1.585000000000000020e-01 3.038099999999999828e-02 2.395699999999999913e-02 3.309421657482870816e-02
1.587999999999999967e-01 3.165899999999999964e-02 2.366000000000000048e-02 3.291282942290479907e-02
1.590999999999999914e-01 3.316199999999999704e-02 2.342800000000000091e-02 3.273201991683102885e-02
1.593999999999999861e-01 3.337699999999999695e-02 2.333500000000000157e-02 3.255178901965011945e-02
1.595999999999999919e-01 3.235099999999999781e-02 2.334500000000000117e-02 3.243195700398639192e-02
1.598999999999999866e-01 2.975200000000000067e-02 2.319999999999999840e-02 3.225269254005384140e-02
1.602000000000000091e-01 3.321799999999999753e-02 2.342299999999999938e-02 3.207400915420637738e-02
1.605000000000000038e-01 3.259700000000000097e-02 2.431099999999999928e-02 3.189590773541790825e-02
1.607999999999999985e-01 2.726800000000000057e-02 2.441799999999999873e-02 3.171838915256331576e-02
1.610999999999999932e-01 2.651500000000000037e-02 2.402500000000000122e-02 3.154145425446350931e-02
1.612999999999999989e-01 2.636600000000000055e-02 2.355399999999999855e-02 3.142382233515061962e-02
1.615999999999999936e-01 2.380799999999999930e-02 2.396600000000000119e-02 3.124786207692117901e-02
1.618999999999999884e-01 2.559600000000000070e-02 2.402100000000000068e-02 3.107248766927601935e-02
1.622000000000000108e-01 2.644499999999999976e-02 2.418999999999999970e-02 3.089769988789993135e-02
1.625000000000000056e-01 2.777599999999999861e-02 2.416099999999999845e-02 3.072349948864240912e-02
1.627000000000000113e-01 2.765600000000000003e-02 2.451899999999999913e-02 3.060769257683717756e-02
1.630000000000000060e-01 3.053799999999999917e-02 2.483600000000000044e-02 3.043447277372363091e-02
1.633000000000000007e-01 3.000600000000000142e-02 2.467499999999999902e-02 3.026184227172720731e-02
1.635999999999999954e-01 2.954400000000000082e-02 2.453599999999999878e-02 3.008980175438994570e-02
1.638999999999999901e-01 2.840600000000000069e-02 2.397399999999999878e-02 2.991835188565178036e-02
1.640999999999999959e-01 2.930200000000000166e-02 2.390400000000000164e-02 2.980438043029033646e-02
1.643999999999999906e-01 2.728999999999999829e-02 2.399300000000000044e-02 2.963391639823027487e-02
1.647000000000000131e-01 2.853599999999999887e-02 2.367999999999999966e-02 2.946404468983950323e-02
1.650000000000000078e-01 2.884300000000000058e-02 2.366800000000000154e-02 2.929476589763200037e-02
1.653000000000000025e-01 3.084100000000000036e-02 2.339499999999999913e-02 2.912608059476702246e-02
1.655000000000000082e-01 3.107199999999999893e-02 2.314199999999999938e-02 2.901395371679511836e-02
1.658000000000000029e-01 3.384800000000000308e-02 2.349599999999999952e-02 2.884625878412722111e-02
1.660999999999999976e-01 3.479499999999999954e-02 2.370999999999999844e-02 2.867915877502242444e-02
1.663999999999999924e-01 3.167600000000000277e-02 2.382000000000000089e-02 2.851265419214649849e-02
1.666999999999999871e-01 2.700999999999999929e-02 2.398399999999999838e-02 2.834674551907161860e-02
1.668999999999999928e-01 2.484400000000000150e-02 2.399300000000000044e-02 2.823647102820451421e-02
1.671999999999999875e-01 2.227700000000000166e-02 2.415300000000000086e-02 2.807155656106011601e-02
1.675000000000000100e-01 2.027599999999999889e-02 2.368999999999999925e-02 2.790723920033670591e-02
1.678000000000000047e-01 2.315000000000000044e-02 2.416899999999999951e-02 2.774351936009476424e-02
1.680999999999999994e-01 2.647800000000000153e-02 2.464500000000000024e-02 2.758039743557540169e-02
1.683999999999999941e-01 2.134399999999999839e-02 2.418599999999999917e-02 2.741787380326092885e-02
1.685999999999999999e-01 1.970099999999999976e-02 2.362099999999999964e-02 2.730985727706086719e-02
1.688999999999999946e-01 2.049499999999999933e-02 2.352599999999999830e-02 2.714833158429226512e-02
1.691999999999999893e-01 2.130500000000000102e-02 2.324100000000000124e-02 2.698740509643741958e-02
1.695000000000000118e-01 2.481999999999999831e-02 2.274699999999999986e-02 2.682707812172267087e-02
1.698000000000000065e-01 2.428699999999999956e-02 2.317200000000000162e-02 2.666735094990520250e-02
1.700000000000000122e-01 2.446800000000000017e-02 2.367800000000000113e-02 2.656119952728168421e-02
1.703000000000000069e-01 2.259399999999999950e-02 2.328399999999999914e-02 2.640247262090323135e-02
1.706000000000000016e-01 2.551900000000000002e-02 2.277500000000000011e-02 2.624434620029991380e-02
1.708999999999999964e-01 2.827599999999999905e-02 2.276399999999999951e-02 2.608682048805737591e-02
1.711999999999999911e-01 2.855399999999999952e-02 2.249400000000000011e-02 2.592989568859380492e-02
1.713999999999999968e-01 2.553199999999999914e-02 2.237600000000000006e-02 2.582561308880210876e-02
1.716999999999999915e-01 2.617500000000000035e-02 2.271899999999999961e-02 2.566969021576572668e-02
1.719999999999999862e-01 2.642699999999999910e-02 2.314000000000000085e-02 2.551436871230989417e-02
1.723000000000000087e-01 2.362900000000000070e-02 2.305000000000000104e-02 2.535964871680904467e-02
1.726000000000000034e-01 2.348400000000000140e-02 2.279799999999999882e-02 2.520553034978356005e-02
1.728000000000000091e-01 2.330700000000000133e-02 2.329600000000000073e-02 2.510311906127150189e-02
1.731000000000000039e-01 2.577199999999999977e-02 2.351800000000000071e-02 2.495000362791949949e-02
1.733999999999999986e-01 2.594899999999999984e-02 2.341999999999999985e-02 2.479749005766688705e-02
1.736999999999999933e-01 2.317599999999999869e-02 2.386999999999999886e-02 2.464557840615959686e-02
1.739999999999999880e-01 2.054999999999999882e-02 2.356000000000000108e-02 2.449426871151382315e-02
1.741999999999999937e-01 1.814100000000000087e-02 2.310699999999999907e-02 2.439373001314606645e-02
1.744999999999999885e-01 1.991300000000000014e-02 2.309399999999999994e-02 2.424342361725200304e-02
1.748000000000000109e-01 2.241100000000000037e-02 2.283900000000000166e-02 2.409371919470234755e-02
1.751000000000000056e-01 2.311699999999999866e-02 2.230999999999999997e-02 2.394461671994781160e-02
1.754000000000000004e-01 2.123299999999999840e-02 2.231999999999999956e-02 2.379611615024422241e-02
1.756000000000000061e-01 2.096599999999999853e-02 2.225600000000000148e-02 2.369745013327578115e-02
1.759000000000000008e-01 1.972799999999999901e-02 2.240500000000000130e-02 2.354995259719991699e-02
1.761999999999999955e-01 1.878799999999999915e-02 2.255300000000000013e-02 2.340305676868429871e-02
1.764999999999999902e-01 1.807999999999999885e-02 2.236799999999999899e-02 2.325676254256582240e-02
1.768000000000000127e-01 2.068700000000000053e-02 2.271000000000000102e-02 2.311106979683151194e-02
1.771000000000000074e-01 2.381499999999999936e-02 2.290400000000000075e-02 2.296597839269367419e-02
1.773000000000000131e-01 2.547299999999999912e-02 2.297599999999999990e-02 2.286958479250110476e-02
1.776000000000000079e-01 2.680499999999999897e-02 2.293600000000000153e-02 2.272549527061891797e-02
1.779000000000000026e-01 2.217600000000000127e-02 2.262300000000000075e-02 2.258200663879905007e-02
1.781999999999999973e-01 1.857200000000000170e-02 2.306899999999999923e-02 2.243911869739637424e-02
1.784999999999999920e-01 1.931599999999999984e-02 2.327900000000000108e-02 2.229683123034742476e-02
1.786999999999999977e-01 2.067099999999999840e-02 2.303300000000000139e-02 2.220230640174717524e-02
1.789999999999999925e-01 2.188999999999999974e-02 2.322799999999999865e-02 2.206101920079946155e-02
1.792999999999999872e-01 2.073300000000000143e-02 2.281599999999999948e-02 2.192033181835951680e-02
1.796000000000000096e-01 1.953399999999999928e-02 2.253399999999999848e-02 2.178024397882953947e-02
1.799000000000000044e-01 2.054800000000000029e-02 2.253799999999999901e-02 2.164075539055857270e-02
1.801000000000000101e-01 2.149300000000000169e-02 2.227200000000000013e-02 2.154809576448551978e-02
1.804000000000000048e-01 1.973000000000000101e-02 2.282999999999999960e-02 2.140960523685004127e-02
1.806999999999999995e-01 2.176600000000000062e-02 2.306700000000000070e-02 2.127171310486014946e-02
1.809999999999999942e-01 2.128700000000000037e-02 2.330799999999999886e-02 2.113441901868501338e-02
1.812999999999999889e-01 1.880599999999999980e-02 2.299500000000000155e-02 2.099772261281412228e-02
1.814999999999999947e-01 2.045599999999999849e-02 2.289300000000000015e-02 2.090692353261774591e-02
1.817999999999999894e-01 2.197899999999999854e-02 2.252399999999999888e-02 2.077122240601188968e-02
1.821000000000000119e-01 1.883100000000000052e-02 2.209200000000000053e-02 2.063611790897691700e-02
1.824000000000000066e-01 1.843699999999999853e-02 2.213499999999999843e-02 2.050160961920635336e-02
1.827000000000000013e-01 1.802799999999999889e-02 2.264100000000000140e-02 2.036769709909525342e-02
1.829000000000000070e-01 2.077000000000000027e-02 2.292699999999999946e-02 2.027875284584049545e-02
1.832000000000000017e-01 2.013200000000000059e-02 2.265199999999999853e-02 2.014583226141717504e-02
1.834999999999999964e-01 2.157600000000000143e-02 2.263700000000000087e-02 2.001350620554409251e-02
1.837999999999999912e-01 2.225099999999999995e-02 2.291400000000000034e-02 1.988177418523166470e-02
1.841000000000000136e-01 1.993699999999999986e-02 2.346600000000000075e-02 1.975063569258031851e-02
1.842999999999999916e-01 2.135700000000000098e-02 2.328099999999999961e-02 1.966353951087384047e-02
1.845999999999999863e-01 1.929499999999999965e-02 2.285299999999999832e-02 1.953338906209581283e-02
1.849000000000000088e-01 1.569299999999999862e-02 2.272400000000000114e-02 1.940383071432760440e-02
1.852000000000000035e-01 1.451900000000000066e-02 2.326599999999999849e-02 1.927486390572184793e-02
1.854999999999999982e-01 1.507600000000000086e-02 2.308199999999999835e-02 1.914648805991628691e-02
1.857999999999999929e-01 1.863700000000000079e-02 2.319200000000000081e-02 1.901870258611935288e-02
1.859999999999999987e-01 1.602100000000000052e-02 2.310399999999999954e-02 1.893383995645946463e-02
1.862999999999999934e-01 1.489500000000000025e-02 2.274599999999999886e-02 1.880703708422114609e-02
1.865999999999999881e-01 1.774500000000000036e-02 2.216100000000000014e-02 1.868082293865691579e-02
1.869000000000000106e-01 1.666099999999999873e-02 2.243399999999999908e-02 1.855519687680342450e-02
1.872000000000000053e-01 1.633000000000000076e-02 2.237400000000000153e-02 1.843015824167055713e-02
1.874000000000000110e-01 1.721100000000000060e-02 2.252399999999999888e-02 1.834712516900767476e-02
1.877000000000000057e-01 1.578900000000000095e-02 2.216800000000000020e-02 1.822306408060928723e-02
1.880000000000000004e-01 1.401999999999999948e-02 2.240500000000000130e-02 1.809958859904456721e-02
1.882999999999999952e-01 1.305699999999999916e-02 2.248599999999999904e-02 1.797669801663781194e-02
1.885999999999999899e-01 1.522399999999999969e-02 2.280799999999999841e-02 1.785439161209450773e-02
1.887999999999999956e-01 1.605900000000000036e-02 2.310399999999999954e-02 1.777317819000061652e-02
1.890999999999999903e-01 1.334300000000000069e-02 2.317100000000000062e-02 1.765184377564295304e-02
1.894000000000000128e-01 1.397699999999999984e-02 2.307499999999999829e-02 1.753109154978656908e-02
1.897000000000000075e-01 1.427900000000000003e-02 2.287799999999999903e-02 1.741092074195673550e-02
1.900000000000000022e-01 1.770299999999999999e-02 2.245199999999999974e-02 1.729133056847289088e-02
1.902000000000000079e-01 1.791900000000000090e-02 2.219300000000000092e-02 1.721192596784391210e-02
1.905000000000000027e-01 1.852799999999999933e-02 2.227300000000000113e-02 1.709330174117234744e-02
1.907999999999999974e-01 1.767900000000000027e-02 2.212499999999999883e-02 1.697525599514820155e-02
1.910999999999999921e-01 1.754100000000000104e-02 2.172200000000000172e-02 1.685778789843321232e-02
1.913999999999999868e-01 1.655299999999999827e-02 2.106600000000000139e-02 1.674089660690068065e-02
1.915999999999999925e-01 1.562699999999999853e-02 2.138400000000000023e-02 1.666328910393220439e-02
1.918999999999999873e-01 1.486700000000000001e-02 2.236000000000000140e-02 1.654735724408442493e-02
1.922000000000000097e-01 1.568900000000000156e-02 2.222999999999999976e-02 1.643199987657802466e-02
1.925000000000000044e-01 1.455299999999999996e-02 2.213199999999999890e-02 1.631721611116640144e-02
1.927999999999999992e-01 1.512900000000000009e-02 2.171199999999999866e-02 1.620300504523579030e-02
1.930000000000000049e-01 1.341099999999999931e-02 2.154500000000000165e-02 1.612718204969855115e-02
1.932999999999999996e-01 1.080700000000000063e-02 2.123600000000000140e-02 1.601392344379235291e-02
1.935999999999999943e-01 1.192400000000000057e-02 2.179100000000000134e-02 1.590123507062598737e-02
1.938999999999999890e-01 1.451500000000000012e-02 2.186700000000000102e-02 1.578911598301688604e-02
1.942000000000000115e-01 1.436499999999999930e-02 2.222100000000000117e-02 1.567756522183996401e-02
1.945000000000000062e-01 1.345799999999999948e-02 2.225099999999999995e-02 1.556658181611907978e-02
1.947000000000000119e-01 1.585999999999999910e-02 2.268999999999999836e-02 1.549290759162696811e-02
1.950000000000000067e-01 1.593999999999999931e-02 2.283100000000000060e-02 1.538286758870988785e-02
1.953000000000000014e-01 1.517899999999999978e-02 2.201799999999999938e-02 1.527339229473674391e-02
1.955999999999999961e-01 1.629799999999999999e-02 2.249900000000000164e-02 1.516448069606122009e-02
1.958999999999999908e-01 1.491999999999999924e-02 2.261799999999999922e-02 1.505613176761397103e-02
1.960999999999999965e-01 1.494700000000000022e-02 2.274999999999999939e-02 1.498421123188128055e-02
1.963999999999999913e-01 1.465400000000000036e-02 2.234799999999999981e-02 1.487679777848210233e-02
1.967000000000000137e-01 1.442399999999999932e-02 2.285699999999999885e-02 1.476994420664724285e-02
1.970000000000000084e-01 1.378700000000000064e-02 2.270000000000000143e-02 1.466364945021105502e-02
1.973000000000000032e-01 1.400099999999999956e-02 2.238199999999999912e-02 1.455791243201515553e-02
1.975000000000000089e-01 1.315799999999999956e-02 2.194300000000000070e-02 1.448773040426200656e-02
1.978000000000000036e-01 1.319799999999999966e-02 2.190699999999999939e-02 1.438292052655077216e-02
1.980999999999999983e-01 1.388499999999999977e-02 2.202799999999999897e-02 1.427866546161848764e-02
1.983999999999999930e-01 1.577299999999999883e-02 2.202899999999999997e-02 1.417496409279157300e-02
1.986999999999999877e-01 1.609000000000000014e-02 2.194700000000000123e-02 1.407181529283572582e-02
1.988999999999999935e-01 1.401200000000000015e-02 2.127000000000000071e-02 1.400335584750434827e-02
1.991999999999999882e-01 1.241399999999999969e-02 2.126000000000000112e-02 1.390112546231236576e-02
1.995000000000000107e-01 1.136999999999999990e-02 2.098399999999999918e-02 1.379944458910871939e-02
1.998000000000000054e-01 1.268299999999999983e-02 2.181100000000000053e-02 1.369831206273044652e-02
2.001000000000000001e-01 1.228600000000000005e-02 2.226099999999999954e-02 1.359772670788712487e-02
2.003000000000000058e-01 1.447500000000000002e-02 2.241599999999999843e-02 1.353097320390880647e-02
2.006000000000000005e-01 1.604399999999999923e-02 2.245300000000000074e-02 1.343129716265508387e-02
2.008999999999999952e-01 1.307600000000000082e-02 2.239299999999999971e-02 1.333216511002345908e-02
2.011999999999999900e-01 1.141299999999999953e-02 2.229899999999999938e-02 1.323357583438494918e-02
2.015000000000000124e-01 1.348300000000000019e-02 2.240699999999999983e-02 1.313552811441710301e-02
2.016999999999999904e-01 1.414400000000000032e-02 2.236099999999999893e-02 1.307046322456249798e-02
2.020000000000000129e-01 1.254800000000000013e-02 2.238000000000000059e-02 1.297331535729612760e-02
2.023000000000000076e-01 1.372600000000000035e-02 2.248599999999999904e-02 1.287670574215793624e-02
2.026000000000000023e-01 1.228199999999999951e-02 2.222000000000000017e-02 1.278063312307885224e-02
2.028999999999999970e-01 1.092500000000000068e-02 2.194799999999999876e-02 1.268509623473060462e-02
2.031999999999999917e-01 9.570699999999999694e-03 2.212400000000000130e-02 1.259009380261873375e-02
2.033999999999999975e-01 1.045300000000000049e-02 2.232599999999999862e-02 1.252705513451880977e-02
2.036999999999999922e-01 1.123999999999999999e-02 2.184499999999999983e-02 1.243294060598991793e-02
2.039999999999999869e-01 1.157500000000000022e-02 2.174600000000000144e-02 1.233935709094042231e-02
2.043000000000000094e-01 1.207500000000000066e-02 2.200099999999999972e-02 1.224630328206221738e-02
2.046000000000000041e-01 9.594399999999999457e-03 2.177700000000000122e-02 1.215377786331496221e-02
2.048000000000000098e-01 1.085999999999999986e-02 2.151899999999999993e-02 1.209238714707942634e-02
2.051000000000000045e-01 1.319999999999999993e-02 2.154400000000000065e-02 1.200073943059332127e-02
2.053999999999999992e-01 1.309699999999999927e-02 2.143099999999999866e-02 1.190961655281241524e-02
2.056999999999999940e-01 1.217999999999999985e-02 2.187800000000000161e-02 1.181901716647246192e-02
2.059999999999999887e-01 1.228600000000000005e-02 2.170400000000000107e-02 1.172893991601006020e-02
2.061999999999999944e-01 1.168499999999999921e-02 2.227099999999999913e-02 1.166917781805764352e-02
2.064999999999999891e-01 1.103999999999999947e-02 2.213199999999999890e-02 1.157996775944746676e-02
2.068000000000000116e-01 1.030799999999999945e-02 2.141600000000000101e-02 1.149127618201005625e-02
2.071000000000000063e-01 1.058000000000000086e-02 2.077499999999999833e-02 1.140310170054417184e-02
2.074000000000000010e-01 1.164399999999999984e-02 2.085300000000000001e-02 1.131544292198128666e-02
2.076000000000000068e-01 1.324200000000000030e-02 2.115500000000000019e-02 1.125728954642810607e-02
2.079000000000000015e-01 1.340399999999999925e-02 2.138400000000000023e-02 1.117048715592044127e-02
2.081999999999999962e-01 1.506000000000000047e-02 2.132799999999999974e-02 1.108419671570622794e-02
2.084999999999999909e-01 1.547300000000000064e-02 2.129999999999999949e-02 1.099841680465972471e-02
2.088000000000000134e-01 1.382300000000000022e-02 2.149699999999999875e-02 1.091314599421812186e-02
2.089999999999999913e-01 1.330500000000000085e-02 2.154000000000000012e-02 1.085658091213561292e-02
2.093000000000000138e-01 1.338300000000000080e-02 2.190500000000000086e-02 1.077215540820999039e-02
2.096000000000000085e-01 1.405499999999999979e-02 2.164400000000000004e-02 1.068823515972824011e-02
2.099000000000000032e-01 1.364699999999999941e-02 2.163400000000000045e-02 1.060481871164399049e-02
2.101999999999999980e-01 1.169300000000000027e-02 2.162299999999999986e-02 1.052190460190187242e-02
2.104000000000000037e-01 1.369700000000000084e-02 2.145000000000000032e-02 1.046690688046038320e-02
2.106999999999999984e-01 1.503900000000000028e-02 2.150300000000000128e-02 1.038482673352942448e-02
2.109999999999999931e-01 1.535100000000000006e-02 2.162100000000000133e-02 1.030324499255492673e-02
2.112999999999999878e-01 1.216599999999999973e-02 2.161599999999999980e-02 1.022216017056304382e-02
2.116000000000000103e-01 1.085500000000000007e-02 2.141200000000000048e-02 1.014157077399646840e-02
2.119000000000000050e-01 1.148000000000000062e-02 2.113500000000000101e-02 1.006147530280524990e-02
2.121000000000000107e-01 9.833899999999999586e-03 2.077000000000000027e-02 1.000835198133124583e-02
2.124000000000000055e-01 9.998200000000000490e-03 2.066899999999999987e-02 9.929076368307473283e-03
2.127000000000000002e-01 9.833099999999999133e-03 2.129999999999999949e-02 9.850290649473058061e-03
2.129999999999999949e-01 9.138600000000000195e-03 2.095100000000000087e-02 9.771993301746296004e-03
2.132999999999999896e-01 9.073299999999999421e-03 2.068499999999999853e-02 9.694182795974703656e-03
2.134999999999999953e-01 1.194100000000000023e-02 2.085300000000000001e-02 9.642578835366073797e-03
2.137999999999999901e-01 1.109800000000000023e-02 2.056699999999999848e-02 9.565576318532940589e-03
2.141000000000000125e-01 8.545999999999999777e-03 2.088299999999999879e-02 9.489056536919334567e-03
2.144000000000000072e-01 8.998300000000000742e-03 2.088599999999999832e-02 9.413017939881746302e-03
2.147000000000000020e-01 9.869899999999999160e-03 2.101400000000000143e-02 9.337458971124291962e-03
2.149000000000000077e-01 9.510199999999999904e-03 2.086700000000000013e-02 9.287352014379447740e-03
2.152000000000000024e-01 9.162999999999999270e-03 2.077899999999999886e-02 9.212588952584057495e-03
2.154999999999999971e-01 9.513000000000000622e-03 2.098600000000000118e-02 9.138301341990385379e-03
2.157999999999999918e-01 9.229400000000000451e-03 2.117000000000000132e-02 9.064487606338869283e-03
2.160999999999999865e-01 8.917100000000000720e-03 2.064099999999999963e-02 8.991146164132182012e-03
2.162999999999999923e-01 9.492799999999999155e-03 2.062800000000000050e-02 8.942513471254836394e-03
2.165999999999999870e-01 1.004099999999999958e-02 2.050199999999999939e-02 8.869955656404774832e-03
2.169000000000000095e-01 1.096300000000000052e-02 2.066899999999999987e-02 8.797865892737477891e-03
2.172000000000000042e-01 1.048699999999999979e-02 2.152300000000000046e-02 8.726242580304532231e-03
2.174999999999999989e-01 9.467299999999999674e-03 2.111700000000000035e-02 8.655084114330123882e-03
2.177000000000000046e-01 9.255100000000000479e-03 2.111400000000000082e-02 8.607902590416176627e-03
2.179999999999999993e-01 9.623700000000000657e-03 2.111800000000000135e-02 8.537515289536215177e-03
2.182999999999999940e-01 1.024399999999999963e-02 2.165299999999999864e-02 8.467588532775809432e-03
2.185999999999999888e-01 9.722200000000000286e-03 2.150200000000000028e-02 8.398120698404521953e-03
2.189000000000000112e-01 1.110399999999999929e-02 2.118499999999999897e-02 8.329110160270348021e-03
2.190999999999999892e-01 9.344599999999999781e-03 2.136599999999999958e-02 8.283356383309552901e-03
2.194000000000000117e-01 8.802000000000000796e-03 2.200699999999999878e-02 8.215104380163696512e-03
2.197000000000000064e-01 8.804100000000000467e-03 2.167300000000000129e-02 8.147305315888855523e-03
2.200000000000000011e-01 7.376299999999999697e-03 2.172800000000000079e-02 8.079957548857416572e-03
2.202999999999999958e-01 6.746600000000000166e-03 2.166300000000000170e-02 8.013059433421105757e-03
2.205999999999999905e-01 6.599200000000000378e-03 2.131900000000000114e-02 7.946609319996179172e-03
2.207999999999999963e-01 7.201199999999999615e-03 2.128100000000000130e-02 7.902557318031052172e-03
2.210999999999999910e-01 7.700199999999999927e-03 2.136800000000000158e-02 7.836850198463713585e-03
2.214000000000000135e-01 5.918699999999999829e-03 2.131500000000000061e-02 7.771586663423238686e-03
2.217000000000000082e-01 6.613599999999999861e-03 2.118099999999999844e-02 7.706765049621047692e-03
2.220000000000000029e-01 5.734999999999999647e-03 2.116200000000000025e-02 7.642383690227533971e-03
2.222000000000000086e-01 6.953599999999999885e-03 2.134099999999999886e-02 7.599706545054534836e-03
2.225000000000000033e-01 6.917900000000000264e-03 2.134300000000000086e-02 7.536055229590861784e-03
2.227999999999999980e-01 6.535400000000000237e-03 2.153899999999999912e-02 7.472839706981714708e-03
2.230999999999999928e-01 7.690999999999999920e-03 2.170400000000000107e-02 7.410058298128682081e-03
2.233999999999999875e-01 9.274900000000000852e-03 2.174999999999999850e-02 7.347709320781121295e-03
2.235999999999999932e-01 9.220700000000000077e-03 2.162599999999999939e-02 7.306382743474892916e-03
2.238999999999999879e-01 8.387800000000000811e-03 2.125799999999999912e-02 7.244750738668180763e-03
2.242000000000000104e-01 7.780099999999999863e-03 2.129500000000000143e-02 7.183546664581173802e-03
2.245000000000000051e-01 9.000299999999999273e-03 2.153800000000000159e-02 7.122768828109162648e-03
2.247999999999999998e-01 8.036299999999999694e-03 2.194400000000000170e-02 7.062415533377998725e-03
2.250000000000000056e-01 7.872499999999999290e-03 2.159200000000000008e-02 7.022415021391883658e-03
2.253000000000000003e-01 8.087000000000000438e-03 2.154199999999999865e-02 6.962765520355002243e-03
2.255999999999999950e-01 8.246599999999999764e-03 2.141099999999999948e-02 6.903536025805392592e-03
2.258999999999999897e-01 9.739799999999999847e-03 2.156599999999999837e-02 6.844724832407131886e-03
2.262000000000000122e-01 1.223899999999999988e-02 2.163299999999999945e-02 6.786330232431439687e-03
2.263999999999999901e-01 1.094200000000000034e-02 2.154599999999999918e-02 6.747631095532344650e-03
2.267000000000000126e-01 7.736100000000000095e-03 2.115799999999999972e-02 6.689927016728549995e-03
2.270000000000000073e-01 7.527700000000000016e-03 2.102100000000000149e-02 6.632634966311816253e-03
2.273000000000000020e-01 8.968500000000000777e-03 2.112400000000000042e-02 6.575753228460400925e-03
2.275999999999999968e-01 7.670699999999999914e-03 2.129999999999999949e-02 6.519280085329724750e-03
2.278000000000000025e-01 6.499099999999999842e-03 2.171400000000000066e-02 6.481857471108820080e-03
2.280999999999999972e-01 6.449299999999999825e-03 2.200699999999999878e-02 6.426061496501181587e-03
2.283999999999999919e-01 7.017200000000000347e-03 2.191099999999999992e-02 6.370669526401285220e-03
2.286999999999999866e-01 9.022000000000000505e-03 2.240400000000000030e-02 6.315679836215924020e-03
2.290000000000000091e-01 8.470200000000000645e-03 2.233299999999999869e-02 6.261090699692253327e-03
2.293000000000000038e-01 7.884399999999999742e-03 2.174399999999999944e-02 6.206900388994717951e-03
2.295000000000000095e-01 6.151099999999999624e-03 2.144599999999999979e-02 6.170994231163551801e-03
2.298000000000000043e-01 5.286400000000000127e-03 2.108000000000000151e-02 6.117464786485485653e-03
2.300999999999999990e-01 5.967300000000000035e-03 2.109899999999999970e-02 6.064329552915764636e-03
2.303999999999999937e-01 8.225299999999999626e-03 2.127000000000000071e-02 6.011586797468307722e-03
2.306999999999999884e-01 6.593800000000000355e-03 2.176799999999999916e-02 5.959234785928907777e-03
2.308999999999999941e-01 4.991500000000000277e-03 2.136599999999999958e-02 5.924549667925255343e-03
2.311999999999999889e-01 6.273500000000000430e-03 2.119400000000000103e-02 5.872845039325255527e-03
2.315000000000000113e-01 6.893100000000000095e-03 2.107200000000000045e-02 5.821526524627494703e-03
2.318000000000000060e-01 6.549600000000000040e-03 2.140600000000000142e-02 5.770592385754034354e-03
2.321000000000000008e-01 7.715600000000000409e-03 2.143899999999999972e-02 5.720040883746035573e-03
2.323000000000000065e-01 8.066600000000000159e-03 2.139100000000000029e-02 5.686551599330906710e-03
2.326000000000000012e-01 7.686100000000000397e-03 2.137400000000000064e-02 5.636633958919043397e-03
2.328999999999999959e-01 8.780400000000000704e-03 2.097600000000000159e-02 5.587094314399847217e-03
2.331999999999999906e-01 7.355699999999999739e-03 2.082099999999999923e-02 5.537930924210132839e-03
2.335000000000000131e-01 6.475500000000000353e-03 2.099099999999999924e-02 5.489142046245483811e-03
2.336999999999999911e-01 6.697100000000000102e-03 2.098399999999999918e-02 5.456823329436512326e-03
2.340000000000000135e-01 6.646899999999999857e-03 2.166900000000000076e-02 5.408654765927813080e-03
2.343000000000000083e-01 7.434600000000000410e-03 2.174299999999999844e-02 5.360856066931164385e-03
2.346000000000000030e-01 7.719300000000000120e-03 2.159300000000000108e-02 5.313425488969022482e-03
2.348999999999999977e-01 7.748800000000000132e-03 2.091900000000000009e-02 5.266361288354491112e-03
2.351000000000000034e-01 6.796199999999999637e-03 2.105699999999999933e-02 5.235187836437264590e-03
2.353999999999999981e-01 6.547200000000000415e-03 2.107099999999999945e-02 5.188730389528960207e-03
2.356999999999999929e-01 6.003699999999999835e-03 2.140999999999999848e-02 5.142634669644863959e-03
2.359999999999999876e-01 6.326700000000000206e-03 2.113400000000000001e-02 5.096898932927249222e-03
2.363000000000000100e-01 6.612200000000000369e-03 2.095800000000000093e-02 5.051521435632927957e-03
2.364999999999999880e-01 5.093600000000000211e-03 2.038999999999999840e-02 5.021467931644874039e-03
2.368000000000000105e-01 4.612100000000000054e-03 2.060899999999999885e-02 4.976683625598707361e-03
2.371000000000000052e-01 5.335399999999999691e-03 2.105599999999999833e-02 4.932252910072578746e-03
2.373999999999999999e-01 6.302499999999999943e-03 2.158200000000000049e-02 4.888174042325163678e-03
2.376999999999999946e-01 6.746099999999999666e-03 2.214500000000000149e-02 4.844445280045414116e-03
2.379999999999999893e-01 7.109200000000000415e-03 2.171100000000000113e-02 4.801064881419118101e-03
2.381999999999999951e-01 6.070800000000000328e-03 2.118400000000000144e-02 4.772337291129001742e-03
2.384999999999999898e-01 6.830799999999999719e-03 2.076000000000000068e-02 4.729533629452590052e-03
2.388000000000000123e-01 7.269199999999999967e-03 2.051000000000000045e-02 4.687073689522917863e-03
2.391000000000000070e-01 7.780200000000000136e-03 2.104999999999999927e-02 4.644955731910923452e-03
2.394000000000000017e-01 6.291200000000000264e-03 2.132900000000000074e-02 4.603178017989964857e-03
2.396000000000000074e-01 6.230600000000000201e-03 2.127599999999999977e-02 4.575514374791517409e-03
2.399000000000000021e-01 6.409599999999999673e-03 2.092099999999999863e-02 4.534299872457486780e-03
2.401999999999999968e-01 6.475299999999999806e-03 2.060299999999999979e-02 4.493420981888166833e-03
2.404999999999999916e-01 5.819999999999999653e-03 2.073399999999999896e-02 4.452875967946997096e-03
2.407999999999999863e-01 4.933100000000000158e-03 2.097299999999999859e-02 4.412663096596929069e-03
2.409999999999999920e-01 5.949199999999999974e-03 2.096699999999999953e-02 4.386038183568165098e-03
2.412999999999999867e-01 7.079600000000000129e-03 2.061999999999999944e-02 4.346375032971916408e-03
2.416000000000000092e-01 6.716699999999999927e-03 2.059400000000000119e-02 4.307039406717678119e-03
2.419000000000000039e-01 6.402699999999999884e-03 2.053500000000000117e-02 4.268029575331952659e-03
2.421999999999999986e-01 6.077599999999999843e-03 2.061800000000000091e-02 4.229343810729159145e-03
2.424000000000000044e-01 5.461399999999999935e-03 2.039499999999999993e-02 4.203732485373926769e-03
2.426999999999999991e-01 4.834100000000000029e-03 2.031900000000000026e-02 4.165582995847628457e-03
2.429999999999999938e-01 4.943200000000000024e-03 2.036800000000000069e-02 4.127752972121618603e-03
2.432999999999999885e-01 4.906100000000000044e-03 2.114900000000000113e-02 4.090240691715378747e-03
2.436000000000000110e-01 4.514599999999999690e-03 2.086100000000000107e-02 4.053044433815974901e-03
2.437999999999999889e-01 4.553800000000000209e-03 2.079599999999999851e-02 4.028421647604617413e-03
2.441000000000000114e-01 4.649900000000000214e-03 2.105699999999999933e-02 3.991748274569844115e-03
2.444000000000000061e-01 4.368699999999999667e-03 2.104400000000000021e-02 3.955386343805727782e-03
2.447000000000000008e-01 4.643500000000000058e-03 2.113500000000000101e-02 3.919334141113525391e-03
2.449999999999999956e-01 4.726000000000000166e-03 2.108300000000000105e-02 3.883589954232854417e-03
2.452000000000000013e-01 5.256000000000000255e-03 2.087699999999999972e-02 3.859930771548487991e-03
2.454999999999999960e-01 5.353700000000000299e-03 2.132500000000000021e-02 3.824696144775259748e-03
2.457999999999999907e-01 4.577399999999999698e-03 2.166399999999999923e-02 3.789764977693322722e-03
2.461000000000000132e-01 4.894299999999999866e-03 2.140099999999999988e-02 3.755135565632867524e-03
2.464000000000000079e-01 4.621899999999999967e-03 2.134099999999999886e-02 3.720806206124232379e-03
2.467000000000000026e-01 4.629999999999999567e-03 2.161300000000000027e-02 3.686775198952807996e-03
2.469000000000000083e-01 5.471499999999999801e-03 2.179499999999999840e-02 3.664252773568669411e-03
2.472000000000000031e-01 6.885699999999999807e-03 2.172800000000000079e-02 3.630715248335302479e-03
2.474999999999999978e-01 7.243900000000000165e-03 2.160300000000000067e-02 3.597471552971449969e-03
2.477999999999999925e-01 6.397800000000000362e-03 2.126899999999999971e-02 3.564519995994199376e-03
2.480999999999999872e-01 7.031500000000000423e-03 2.146999999999999950e-02 3.531858888426476183e-03
2.482999999999999929e-01 7.479099999999999811e-03 2.151600000000000040e-02 3.510245344591521061e-03
2.485999999999999877e-01 6.112000000000000245e-03 2.100600000000000037e-02 3.478064573062945083e-03
2.489000000000000101e-01 5.134200000000000222e-03 2.117399999999999838e-02 3.446169759654105907e-03
2.492000000000000048e-01 5.917099999999999790e-03 2.102100000000000149e-02 3.414559225022404092e-03
2.494999999999999996e-01 5.970300000000000433e-03 2.073200000000000043e-02 3.383231292572709114e-03
2.497000000000000053e-01 5.922400000000000407e-03 2.113900000000000154e-02 3.362502178802018616e-03
