#Generated output file on Sun Nov 12 10:58:38 2017
#x	y
#
5.034382127462987633e+00 6.872667971394637472e-05
5.462208287202221513e+00 2.517721126991909501e-04
5.890034446941454505e+00 7.409933908872031513e-04
6.317860606680687496e+00 1.821580811375845795e-03
6.745686766419921376e+00 3.855090104424234703e-03
7.173512926159155256e+00 7.193338837296388115e-03
7.601339085898388248e+00 1.206222810226363108e-02
8.029165245637621240e+00 1.846058970230759003e-02
8.456991405376854232e+00 2.611509658202360376e-02
8.884817565116089000e+00 3.450828730415136242e-02
9.312643724855321992e+00 4.296811932164004699e-02
9.740469884594556760e+00 5.078825806454938946e-02
1.016829604433378975e+01 5.734420938265680223e-02
1.059612220407302274e+01 6.217877843692332790e-02
1.102394836381225574e+01 6.504447649009678645e-02
1.145177452355148873e+01 6.590396701549028347e-02
1.187960068329072172e+01 6.489864630181244043e-02
1.230742684302995471e+01 6.229908143929296233e-02
1.273525300276918948e+01 5.845032381058772736e-02
1.316307916250842425e+01 5.372189640610869343e-02
1.359090532224765724e+01 4.846823351343635539e-02
1.401873148198689023e+01 4.300171728883455530e-02
1.444655764172612322e+01 3.757779568408003978e-02
1.487438380146535621e+01 3.239010000126048977e-02
1.530220996120458921e+01 2.757284756956156213e-02
1.573003612094382220e+01 2.320784068125062924e-02
1.615786228068305519e+01 1.933377896118846848e-02
1.658568844042229173e+01 1.595616527638530138e-02
1.701351460016152473e+01 1.305665378142996727e-02
1.744134075990075772e+01 1.060117774731919767e-02
1.786916691963999071e+01 8.546569782303146262e-03
1.829699307937922370e+01 6.845645957471501418e-03
1.872481923911845669e+01 5.450883974614091805e-03
1.915264539885768968e+01 4.316906637987766478e-03
1.958047155859692268e+01 3.402008604499792872e-03
2.000829771833615922e+01 2.668956593198618370e-03
2.043612387807539221e+01 2.085266344119050212e-03
2.086395003781462520e+01 1.623124537350487118e-03
2.129177619755385820e+01 1.259087673386983424e-03
2.171960235729309119e+01 9.736566596101990786e-04
2.214742851703232418e+01 7.507975179261158283e-04
2.257525467677155717e+01 5.774558159995331818e-04
2.300308083651079016e+01 4.430948982664419653e-04
2.343090699625002316e+01 3.392750977283298707e-04
2.385873315598925970e+01 2.592820277385823749e-04
2.428655931572849269e+01 1.978059628086526096e-04
2.471438547546772568e+01 1.506704782982488998e-04
2.514221163520695868e+01 1.146063082129119458e-04
2.557003779494619167e+01 8.706530116560136248e-05
2.599786395468542466e+01 6.606902626574188097e-05
