#Generated output file on Sun Nov 12 10:56:08 2017
#x	y
#
7.320094031426575221e+00 6.428919497737169847e-05
7.647535352002051923e+00 1.747747920834178889e-04
7.974976672577528625e+00 4.233264298095378063e-04
8.302417993153005327e+00 9.247486417733799665e-04
8.629859313728482917e+00 1.841235268152854616e-03
8.957300634303958731e+00 3.372280007536600319e-03
9.284741954879436321e+00 5.727408621914731324e-03
9.612183275454913911e+00 9.084076888755860529e-03
9.939624596030389725e+00 1.353937507718925605e-02
1.026706591660586732e+01 1.906820132774490750e-02
1.059450723718134313e+01 2.550035929469907786e-02
1.092194855775682072e+01 3.252449467784235271e-02
1.124938987833229831e+01 3.971961557112232283e-02
1.157683119890777412e+01 4.660775019840573963e-02
1.190427251948325171e+01 5.271641258139262570e-02
1.223171384005872753e+01 5.763817718769062570e-02
1.255915516063420512e+01 6.107666881012571714e-02
1.288659648120968271e+01 6.287251063918769534e-02
1.321403780178515852e+01 6.300770445670754449e-02
1.354147912236063611e+01 6.159118434232056100e-02
1.386892044293611193e+01 5.883105665026228115e-02
1.419636176351158952e+01 5.500008355519955122e-02
1.452380308408706711e+01 5.040053194252650665e-02
1.485124440466254292e+01 4.533310237133520576e-02
1.517868572523801873e+01 4.007283435482880685e-02
1.550612704581349632e+01 3.485311817433736636e-02
1.583356836638897391e+01 2.985752802576636597e-02
1.616100968696445150e+01 2.521825478702309845e-02
1.648845100753992909e+01 2.101945360775170704e-02
1.681589232811540313e+01 1.730374384568973342e-02
1.714333364869088072e+01 1.408028436918436557e-02
1.747077496926635831e+01 1.133317526667206726e-02
1.779821628984183590e+01 9.029309396913754587e-03
1.812565761041731349e+01 7.125146324788216891e-03
1.845309893099278753e+01 5.572168927620117611e-03
1.878054025156826512e+01 4.320994992974980763e-03
1.910798157214374271e+01 3.324254430884145649e-03
1.943542289271922030e+01 2.538418559908661720e-03
1.976286421329469789e+01 1.924796351542839429e-03
2.009030553387017193e+01 1.449908638676486233e-03
2.041774685444564952e+01 1.085428148462814135e-03
2.074518817502112711e+01 8.078408841986360655e-04
2.107262949559660470e+01 5.979498973049044959e-04
2.140007081617208229e+01 4.403102552137468009e-04
2.172751213674755633e+01 3.226563535761254047e-04
2.205495345732303392e+01 2.353605057438420652e-04
2.238239477789851151e+01 1.709448936427426183e-04
2.270983609847398910e+01 1.236568798480049017e-04
2.303727741904946313e+01 8.910952683588542684e-05
2.336471873962494072e+01 6.398407185466801095e-05
