0.2497	5.9224e-03	2.1139e-02
0.2495	5.9703e-03	2.0732e-02
0.2492	5.9171e-03	2.1021e-02
0.2489	5.1342e-03	2.1174e-02
0.2486	6.1120e-03	2.1006e-02
0.2483	7.4791e-03	2.1516e-02
0.2481	7.0315e-03	2.1470e-02
0.2478	6.3978e-03	2.1269e-02
0.2475	7.2439e-03	2.1603e-02
0.2472	6.8857e-03	2.1728e-02
0.2469	5.4715e-03	2.1795e-02
0.2467	4.6300e-03	2.1613e-02
0.2464	4.6219e-03	2.1341e-02
0.2461	4.8943e-03	2.1401e-02
0.2458	4.5774e-03	2.1664e-02
0.2455	5.3537e-03	2.1325e-02
0.2452	5.2560e-03	2.0877e-02
0.2450	4.7260e-03	2.1083e-02
0.2447	4.6435e-03	2.1135e-02
0.2444	4.3687e-03	2.1044e-02
0.2441	4.6499e-03	2.1057e-02
0.2438	4.5538e-03	2.0796e-02
0.2436	4.5146e-03	2.0861e-02
0.2433	4.9061e-03	2.1149e-02
0.2430	4.9432e-03	2.0368e-02
0.2427	4.8341e-03	2.0319e-02
0.2424	5.4614e-03	2.0395e-02
0.2422	6.0776e-03	2.0618e-02
0.2419	6.4027e-03	2.0535e-02
0.2416	6.7167e-03	2.0594e-02
0.2413	7.0796e-03	2.0620e-02
0.2410	5.9492e-03	2.0967e-02
0.2408	4.9331e-03	2.0973e-02
0.2405	5.8200e-03	2.0734e-02
0.2402	6.4753e-03	2.0603e-02
0.2399	6.4096e-03	2.0921e-02
0.2396	6.2306e-03	2.1276e-02
0.2394	6.2912e-03	2.1329e-02
0.2391	7.7802e-03	2.1050e-02
0.2388	7.2692e-03	2.0510e-02
0.2385	6.8308e-03	2.0760e-02
0.2382	6.0708e-03	2.1184e-02
0.2380	7.1092e-03	2.1711e-02
0.2377	6.7461e-03	2.2145e-02
0.2374	6.3025e-03	2.1582e-02
0.2371	5.3354e-03	2.1056e-02
0.2368	4.6121e-03	2.0609e-02
0.2365	5.0936e-03	2.0390e-02
0.2363	6.6122e-03	2.0958e-02
0.2360	6.3267e-03	2.1134e-02
0.2357	6.0037e-03	2.1410e-02
0.2354	6.5472e-03	2.1071e-02
0.2351	6.7962e-03	2.1057e-02
0.2349	7.7488e-03	2.0919e-02
0.2346	7.7193e-03	2.1593e-02
0.2343	7.4346e-03	2.1743e-02
0.2340	6.6469e-03	2.1669e-02
0.2337	6.6971e-03	2.0984e-02
0.2335	6.4755e-03	2.0991e-02
0.2332	7.3557e-03	2.0821e-02
0.2329	8.7804e-03	2.0976e-02
0.2326	7.6861e-03	2.1374e-02
0.2323	8.0666e-03	2.1391e-02
0.2321	7.7156e-03	2.1439e-02
0.2318	6.5496e-03	2.1406e-02
0.2315	6.8931e-03	2.1072e-02
0.2312	6.2735e-03	2.1194e-02
0.2309	4.9915e-03	2.1366e-02
0.2307	6.5938e-03	2.1768e-02
0.2304	8.2253e-03	2.1270e-02
0.2301	5.9673e-03	2.1099e-02
0.2298	5.2864e-03	2.1080e-02
0.2295	6.1511e-03	2.1446e-02
0.2293	7.8844e-03	2.1744e-02
0.2290	8.4702e-03	2.2333e-02
0.2287	9.0220e-03	2.2404e-02
0.2284	7.0172e-03	2.1911e-02
0.2281	6.4493e-03	2.2007e-02
0.2278	6.4991e-03	2.1714e-02
0.2276	7.6707e-03	2.1300e-02
0.2273	8.9685e-03	2.1124e-02
0.2270	7.5277e-03	2.1021e-02
0.2267	7.7361e-03	2.1158e-02
0.2264	1.0942e-02	2.1546e-02
0.2262	1.2239e-02	2.1633e-02
0.2259	9.7398e-03	2.1566e-02
0.2256	8.2466e-03	2.1411e-02
0.2253	8.0870e-03	2.1542e-02
0.2250	7.8725e-03	2.1592e-02
0.2248	8.0363e-03	2.1944e-02
0.2245	9.0003e-03	2.1538e-02
0.2242	7.7801e-03	2.1295e-02
0.2239	8.3878e-03	2.1258e-02
0.2236	9.2207e-03	2.1626e-02
0.2234	9.2749e-03	2.1750e-02
0.2231	7.6910e-03	2.1704e-02
0.2228	6.5354e-03	2.1539e-02
0.2225	6.9179e-03	2.1343e-02
0.2222	6.9536e-03	2.1341e-02
0.2220	5.7350e-03	2.1162e-02
0.2217	6.6136e-03	2.1181e-02
0.2214	5.9187e-03	2.1315e-02
0.2211	7.7002e-03	2.1368e-02
0.2208	7.2012e-03	2.1281e-02
0.2206	6.5992e-03	2.1319e-02
0.2203	6.7466e-03	2.1663e-02
0.2200	7.3763e-03	2.1728e-02
0.2197	8.8041e-03	2.1673e-02
0.2194	8.8020e-03	2.2007e-02
0.2191	9.3446e-03	2.1366e-02
0.2189	1.1104e-02	2.1185e-02
0.2186	9.7222e-03	2.1502e-02
0.2183	1.0244e-02	2.1653e-02
0.2180	9.6237e-03	2.1118e-02
0.2177	9.2551e-03	2.1114e-02
0.2175	9.4673e-03	2.1117e-02
0.2172	1.0487e-02	2.1523e-02
0.2169	1.0963e-02	2.0669e-02
0.2166	1.0041e-02	2.0502e-02
0.2163	9.4928e-03	2.0628e-02
0.2161	8.9171e-03	2.0641e-02
0.2158	9.2294e-03	2.1170e-02
0.2155	9.5130e-03	2.0986e-02
0.2152	9.1630e-03	2.0779e-02
0.2149	9.5102e-03	2.0867e-02
0.2147	9.8699e-03	2.1014e-02
0.2144	8.9983e-03	2.0886e-02
0.2141	8.5460e-03	2.0883e-02
0.2138	1.1098e-02	2.0567e-02
0.2135	1.1941e-02	2.0853e-02
0.2133	9.0733e-03	2.0685e-02
0.2130	9.1386e-03	2.0951e-02
0.2127	9.8331e-03	2.1300e-02
0.2124	9.9982e-03	2.0669e-02
0.2121	9.8339e-03	2.0770e-02
0.2119	1.1480e-02	2.1135e-02
0.2116	1.0855e-02	2.1412e-02
0.2113	1.2166e-02	2.1616e-02
0.2110	1.5351e-02	2.1621e-02
0.2107	1.5039e-02	2.1503e-02
0.2104	1.3697e-02	2.1450e-02
0.2102	1.1693e-02	2.1623e-02
0.2099	1.3647e-02	2.1634e-02
0.2096	1.4055e-02	2.1644e-02
0.2093	1.3383e-02	2.1905e-02
0.2090	1.3305e-02	2.1540e-02
0.2088	1.3823e-02	2.1497e-02
0.2085	1.5473e-02	2.1300e-02
0.2082	1.5060e-02	2.1328e-02
0.2079	1.3404e-02	2.1384e-02
0.2076	1.3242e-02	2.1155e-02
0.2074	1.1644e-02	2.0853e-02
0.2071	1.0580e-02	2.0775e-02
0.2068	1.0308e-02	2.1416e-02
0.2065	1.1040e-02	2.2132e-02
0.2062	1.1685e-02	2.2271e-02
0.2060	1.2286e-02	2.1704e-02
0.2057	1.2180e-02	2.1878e-02
0.2054	1.3097e-02	2.1431e-02
0.2051	1.3200e-02	2.1544e-02
0.2048	1.0860e-02	2.1519e-02
0.2046	9.5944e-03	2.1777e-02
0.2043	1.2075e-02	2.2001e-02
0.2040	1.1575e-02	2.1746e-02
0.2037	1.1240e-02	2.1845e-02
0.2034	1.0453e-02	2.2326e-02
0.2032	9.5707e-03	2.2124e-02
0.2029	1.0925e-02	2.1948e-02
0.2026	1.2282e-02	2.2220e-02
0.2023	1.3726e-02	2.2486e-02
0.2020	1.2548e-02	2.2380e-02
0.2017	1.4144e-02	2.2361e-02
0.2015	1.3483e-02	2.2407e-02
0.2012	1.1413e-02	2.2299e-02
0.2009	1.3076e-02	2.2393e-02
0.2006	1.6044e-02	2.2453e-02
0.2003	1.4475e-02	2.2416e-02
0.2001	1.2286e-02	2.2261e-02
0.1998	1.2683e-02	2.1811e-02
0.1995	1.1370e-02	2.0984e-02
0.1992	1.2414e-02	2.1260e-02
0.1989	1.4012e-02	2.1270e-02
0.1987	1.6090e-02	2.1947e-02
0.1984	1.5773e-02	2.2029e-02
0.1981	1.3885e-02	2.2028e-02
0.1978	1.3198e-02	2.1907e-02
0.1975	1.3158e-02	2.1943e-02
0.1973	1.4001e-02	2.2382e-02
0.1970	1.3787e-02	2.2700e-02
0.1967	1.4424e-02	2.2857e-02
0.1964	1.4654e-02	2.2348e-02
0.1961	1.4947e-02	2.2750e-02
0.1959	1.4920e-02	2.2618e-02
0.1956	1.6298e-02	2.2499e-02
0.1953	1.5179e-02	2.2018e-02
0.1950	1.5940e-02	2.2831e-02
0.1947	1.5860e-02	2.2690e-02
0.1945	1.3458e-02	2.2251e-02
0.1942	1.4365e-02	2.2221e-02
0.1939	1.4515e-02	2.1867e-02
0.1936	1.1924e-02	2.1791e-02
0.1933	1.0807e-02	2.1236e-02
0.1930	1.3411e-02	2.1545e-02
0.1928	1.5129e-02	2.1712e-02
0.1925	1.4553e-02	2.2132e-02
0.1922	1.5689e-02	2.2230e-02
0.1919	1.4867e-02	2.2360e-02
0.1916	1.5627e-02	2.1384e-02
0.1914	1.6553e-02	2.1066e-02
0.1911	1.7541e-02	2.1722e-02
0.1908	1.7679e-02	2.2125e-02
0.1905	1.8528e-02	2.2273e-02
0.1902	1.7919e-02	2.2193e-02
0.1900	1.7703e-02	2.2452e-02
0.1897	1.4279e-02	2.2878e-02
0.1894	1.3977e-02	2.3075e-02
0.1891	1.3343e-02	2.3171e-02
0.1888	1.6059e-02	2.3104e-02
0.1886	1.5224e-02	2.2808e-02
0.1883	1.3057e-02	2.2486e-02
0.1880	1.4020e-02	2.2405e-02
0.1877	1.5789e-02	2.2168e-02
0.1874	1.7211e-02	2.2524e-02
0.1872	1.6330e-02	2.2374e-02
0.1869	1.6661e-02	2.2434e-02
0.1866	1.7745e-02	2.2161e-02
0.1863	1.4895e-02	2.2746e-02
0.1860	1.6021e-02	2.3104e-02
0.1858	1.8637e-02	2.3192e-02
0.1855	1.5076e-02	2.3082e-02
0.1852	1.4519e-02	2.3266e-02
0.1849	1.5693e-02	2.2724e-02
0.1846	1.9295e-02	2.2853e-02
0.1843	2.1357e-02	2.3281e-02
0.1841	1.9937e-02	2.3466e-02
0.1838	2.2251e-02	2.2914e-02
0.1835	2.1576e-02	2.2637e-02
0.1832	2.0132e-02	2.2652e-02
0.1829	2.0770e-02	2.2927e-02
0.1827	1.8028e-02	2.2641e-02
0.1824	1.8437e-02	2.2135e-02
0.1821	1.8831e-02	2.2092e-02
0.1818	2.1979e-02	2.2524e-02
0.1815	2.0456e-02	2.2893e-02
0.1813	1.8806e-02	2.2995e-02
0.1810	2.1287e-02	2.3308e-02
0.1807	2.1766e-02	2.3067e-02
0.1804	1.9730e-02	2.2830e-02
0.1801	2.1493e-02	2.2272e-02
0.1799	2.0548e-02	2.2538e-02
0.1796	1.9534e-02	2.2534e-02
0.1793	2.0733e-02	2.2816e-02
0.1790	2.1890e-02	2.3228e-02
0.1787	2.0671e-02	2.3033e-02
0.1785	1.9316e-02	2.3279e-02
0.1782	1.8572e-02	2.3069e-02
0.1779	2.2176e-02	2.2623e-02
0.1776	2.6805e-02	2.2936e-02
0.1773	2.5473e-02	2.2976e-02
0.1771	2.3815e-02	2.2904e-02
0.1768	2.0687e-02	2.2710e-02
0.1765	1.8080e-02	2.2368e-02
0.1762	1.8788e-02	2.2553e-02
0.1759	1.9728e-02	2.2405e-02
0.1756	2.0966e-02	2.2256e-02
0.1754	2.1233e-02	2.2320e-02
0.1751	2.3117e-02	2.2310e-02
0.1748	2.2411e-02	2.2839e-02
0.1745	1.9913e-02	2.3094e-02
0.1742	1.8141e-02	2.3107e-02
0.1740	2.0550e-02	2.3560e-02
0.1737	2.3176e-02	2.3870e-02
0.1734	2.5949e-02	2.3420e-02
0.1731	2.5772e-02	2.3518e-02
0.1728	2.3307e-02	2.3296e-02
0.1726	2.3484e-02	2.2798e-02
0.1723	2.3629e-02	2.3050e-02
0.1720	2.6427e-02	2.3140e-02
0.1717	2.6175e-02	2.2719e-02
0.1714	2.5532e-02	2.2376e-02
0.1712	2.8554e-02	2.2494e-02
0.1709	2.8276e-02	2.2764e-02
0.1706	2.5519e-02	2.2775e-02
0.1703	2.2594e-02	2.3284e-02
0.1700	2.4468e-02	2.3678e-02
0.1698	2.4287e-02	2.3172e-02
0.1695	2.4820e-02	2.2747e-02
0.1692	2.1305e-02	2.3241e-02
0.1689	2.0495e-02	2.3526e-02
0.1686	1.9701e-02	2.3621e-02
0.1684	2.1344e-02	2.4186e-02
0.1681	2.6478e-02	2.4645e-02
0.1678	2.3150e-02	2.4169e-02
0.1675	2.0276e-02	2.3690e-02
0.1672	2.2277e-02	2.4153e-02
0.1669	2.4844e-02	2.3993e-02
0.1667	2.7010e-02	2.3984e-02
0.1664	3.1676e-02	2.3820e-02
0.1661	3.4795e-02	2.3710e-02
0.1658	3.3848e-02	2.3496e-02
0.1655	3.1072e-02	2.3142e-02
0.1653	3.0841e-02	2.3395e-02
0.1650	2.8843e-02	2.3668e-02
0.1647	2.8536e-02	2.3680e-02
0.1644	2.7290e-02	2.3993e-02
0.1641	2.9302e-02	2.3904e-02
0.1639	2.8406e-02	2.3974e-02
0.1636	2.9544e-02	2.4536e-02
0.1633	3.0006e-02	2.4675e-02
0.1630	3.0538e-02	2.4836e-02
0.1627	2.7656e-02	2.4519e-02
0.1625	2.7776e-02	2.4161e-02
0.1622	2.6445e-02	2.4190e-02
0.1619	2.5596e-02	2.4021e-02
0.1616	2.3808e-02	2.3966e-02
0.1613	2.6366e-02	2.3554e-02
0.1611	2.6515e-02	2.4025e-02
0.1608	2.7268e-02	2.4418e-02
0.1605	3.2597e-02	2.4311e-02
0.1602	3.3218e-02	2.3423e-02
0.1599	2.9752e-02	2.3200e-02
0.1596	3.2351e-02	2.3345e-02
0.1594	3.3377e-02	2.3335e-02
0.1591	3.3162e-02	2.3428e-02
0.1588	3.1659e-02	2.3660e-02
0.1585	3.0381e-02	2.3957e-02
0.1582	3.3180e-02	2.4264e-02
0.1580	3.3614e-02	2.4455e-02
0.1577	3.2248e-02	2.3790e-02
0.1574	3.4835e-02	2.3651e-02
0.1571	3.5543e-02	2.3717e-02
0.1568	3.7833e-02	2.3902e-02
0.1566	3.8403e-02	2.3793e-02
0.1563	3.7063e-02	2.4042e-02
0.1560	3.5584e-02	2.4567e-02
0.1557	3.3154e-02	2.4496e-02
0.1554	3.2108e-02	2.4154e-02
0.1552	3.4100e-02	2.3882e-02
0.1549	3.1292e-02	2.3480e-02
0.1546	3.2354e-02	2.3628e-02
0.1543	3.5134e-02	2.3452e-02
0.1540	3.4436e-02	2.3284e-02
0.1538	3.3381e-02	2.3917e-02
0.1535	3.3312e-02	2.4018e-02
0.1532	3.4852e-02	2.4450e-02
0.1529	3.7862e-02	2.5149e-02
0.1526	3.3830e-02	2.4643e-02
0.1524	3.2168e-02	2.4508e-02
0.1521	3.3769e-02	2.4606e-02
0.1518	3.3801e-02	2.4462e-02
0.1515	3.5573e-02	2.4889e-02
0.1512	3.7127e-02	2.5302e-02
0.1509	3.8549e-02	2.5640e-02
0.1507	3.2932e-02	2.5491e-02
0.1504	3.1270e-02	2.5158e-02
0.1501	3.4222e-02	2.4894e-02
0.1498	3.3289e-02	2.5015e-02
0.1495	3.3916e-02	2.4770e-02
0.1493	3.8981e-02	2.4615e-02
0.1490	3.8172e-02	2.4320e-02
0.1487	4.0036e-02	2.4068e-02
0.1484	3.8872e-02	2.4085e-02
0.1481	4.1250e-02	2.4644e-02
0.1479	4.1939e-02	2.4710e-02
0.1476	4.1156e-02	2.5006e-02
0.1473	3.6714e-02	2.5081e-02
0.1470	3.6254e-02	2.5163e-02
0.1467	3.6043e-02	2.5046e-02
0.1465	3.5794e-02	2.4869e-02
0.1462	3.6510e-02	2.4735e-02
0.1459	3.9119e-02	2.4985e-02
0.1456	4.0723e-02	2.4900e-02
0.1453	3.8679e-02	2.4558e-02
0.1451	3.7549e-02	2.4448e-02
0.1448	3.8154e-02	2.4123e-02
0.1445	4.0555e-02	2.4707e-02
0.1442	4.2139e-02	2.4854e-02
0.1439	4.2519e-02	2.4893e-02
0.1437	3.9446e-02	2.5296e-02
0.1434	3.8677e-02	2.5183e-02
0.1431	3.9115e-02	2.5278e-02
0.1428	4.1917e-02	2.5803e-02
0.1425	4.3331e-02	2.6066e-02
0.1422	4.2287e-02	2.6257e-02
0.1420	4.3495e-02	2.6066e-02
0.1417	4.2991e-02	2.5329e-02
0.1414	4.5187e-02	2.4952e-02
0.1411	4.7084e-02	2.4888e-02
0.1408	4.6298e-02	2.4587e-02
0.1406	4.7747e-02	2.5100e-02
0.1403	4.6835e-02	2.5337e-02
0.1400	4.7458e-02	2.5554e-02
0.1397	4.6641e-02	2.5403e-02
0.1394	4.4752e-02	2.5345e-02
0.1392	4.7055e-02	2.5321e-02
0.1389	5.0311e-02	2.5320e-02
0.1386	5.2468e-02	2.5378e-02
0.1383	5.0780e-02	2.5009e-02
0.1380	4.8142e-02	2.5050e-02
0.1378	4.5328e-02	2.5280e-02
0.1375	4.2712e-02	2.5544e-02
0.1372	4.2426e-02	2.5865e-02
0.1369	4.5542e-02	2.6059e-02
0.1366	4.4486e-02	2.5924e-02
0.1364	4.3333e-02	2.5670e-02
0.1361	4.1578e-02	2.5493e-02
0.1358	4.3043e-02	2.5319e-02
0.1355	4.5862e-02	2.5337e-02
0.1352	4.6816e-02	2.5588e-02
0.1350	4.8526e-02	2.5350e-02
0.1347	5.2391e-02	2.5174e-02
0.1344	5.0898e-02	2.5108e-02
0.1341	5.3551e-02	2.5191e-02
0.1338	5.3164e-02	2.5583e-02
0.1335	5.2432e-02	2.5909e-02
0.1333	5.5045e-02	2.5881e-02
0.1330	5.3893e-02	2.5876e-02
0.1327	5.2604e-02	2.5860e-02
0.1324	5.7829e-02	2.5940e-02
0.1321	5.6688e-02	2.5806e-02
0.1319	5.5147e-02	2.5852e-02
0.1316	5.5492e-02	2.6292e-02
0.1313	5.4144e-02	2.6339e-02
0.1310	5.1586e-02	2.5859e-02
0.1307	5.2725e-02	2.5415e-02
0.1305	5.3063e-02	2.5199e-02
0.1302	5.3533e-02	2.5518e-02
0.1299	5.1811e-02	2.5292e-02
0.1296	5.2324e-02	2.5151e-02
0.1293	5.5929e-02	2.5587e-02
0.1291	5.4539e-02	2.5598e-02
0.1288	5.1608e-02	2.5204e-02
0.1285	4.9206e-02	2.4836e-02
0.1282	5.2041e-02	2.5202e-02
0.1279	5.3217e-02	2.5585e-02
0.1277	5.4158e-02	2.5590e-02
0.1274	5.4533e-02	2.5664e-02
0.1271	5.3551e-02	2.5690e-02
0.1268	5.4545e-02	2.5740e-02
0.1265	5.6602e-02	2.5972e-02
0.1263	5.4900e-02	2.6134e-02
0.1260	5.5648e-02	2.6125e-02
0.1257	5.8339e-02	2.5727e-02
0.1254	6.0604e-02	2.5193e-02
0.1251	5.6450e-02	2.4863e-02
0.1248	5.3747e-02	2.4963e-02
0.1246	5.3667e-02	2.5298e-02
0.1243	5.2086e-02	2.5484e-02
0.1240	5.5749e-02	2.5755e-02
0.1237	5.8037e-02	2.5741e-02
0.1234	6.0094e-02	2.6230e-02
0.1232	5.3281e-02	2.6165e-02
0.1229	5.3081e-02	2.6034e-02
0.1226	5.7061e-02	2.6354e-02
0.1223	5.7234e-02	2.6403e-02
0.1220	5.9611e-02	2.5768e-02
0.1218	5.9172e-02	2.5939e-02
0.1215	5.9235e-02	2.6528e-02
0.1212	5.7947e-02	2.6412e-02
0.1209	5.4936e-02	2.6242e-02
0.1206	5.3538e-02	2.5712e-02
0.1204	5.6539e-02	2.5635e-02
0.1201	5.7751e-02	2.5334e-02
0.1198	5.7565e-02	2.5626e-02
0.1195	5.9377e-02	2.5997e-02
0.1192	6.2749e-02	2.6073e-02
0.1190	6.3905e-02	2.6577e-02
0.1187	6.2870e-02	2.6421e-02
0.1184	6.6199e-02	2.6803e-02
0.1181	6.7354e-02	2.6973e-02
0.1178	6.4791e-02	2.6637e-02
0.1176	6.5093e-02	2.6936e-02
0.1173	6.5781e-02	2.6861e-02
0.1170	6.4859e-02	2.6756e-02
0.1167	6.6735e-02	2.6590e-02
0.1164	6.8878e-02	2.6407e-02
0.1161	6.9147e-02	2.6206e-02
0.1159	6.8701e-02	2.6108e-02
0.1156	6.9321e-02	2.6003e-02
0.1153	6.8271e-02	2.5916e-02
0.1150	6.6504e-02	2.6304e-02
0.1147	6.1746e-02	2.6108e-02
0.1145	6.0929e-02	2.6311e-02
0.1142	6.5122e-02	2.6652e-02
0.1139	6.4895e-02	2.6558e-02
0.1136	6.2311e-02	2.6281e-02
0.1133	6.2087e-02	2.6434e-02
0.1131	6.0569e-02	2.6417e-02
0.1128	5.9357e-02	2.6255e-02
0.1125	5.9558e-02	2.6219e-02
0.1122	6.4856e-02	2.6294e-02
0.1119	6.5804e-02	2.6503e-02
0.1117	6.5114e-02	2.6153e-02
0.1114	6.8270e-02	2.6036e-02
0.1111	6.9171e-02	2.6054e-02
0.1108	7.0358e-02	2.6018e-02
0.1105	7.0106e-02	2.6197e-02
0.1103	7.3409e-02	2.6515e-02
0.1100	6.9879e-02	2.6344e-02
0.1097	6.6328e-02	2.6501e-02
0.1094	6.5542e-02	2.6323e-02
0.1091	6.6473e-02	2.6406e-02
0.1088	6.8121e-02	2.6603e-02
0.1086	6.9753e-02	2.7004e-02
0.1083	6.7761e-02	2.6574e-02
0.1080	7.1954e-02	2.6339e-02
0.1077	7.4958e-02	2.6193e-02
0.1074	7.5156e-02	2.6256e-02
0.1072	7.7892e-02	2.6315e-02
0.1069	7.6206e-02	2.6204e-02
0.1066	7.6886e-02	2.6565e-02
0.1063	7.7134e-02	2.6939e-02
0.1060	7.4801e-02	2.7073e-02
0.1058	7.5352e-02	2.6981e-02
0.1055	7.5610e-02	2.6887e-02
0.1052	7.3202e-02	2.6746e-02
0.1049	6.9352e-02	2.6832e-02
0.1046	6.6340e-02	2.6639e-02
0.1044	6.6553e-02	2.6656e-02
0.1041	6.7870e-02	2.6839e-02
0.1038	6.9856e-02	2.7369e-02
0.1035	7.2375e-02	2.7597e-02
0.1032	7.5737e-02	2.7807e-02
0.1030	7.6276e-02	2.7961e-02
0.1027	7.6943e-02	2.7973e-02
0.1024	7.8748e-02	2.8021e-02
0.1021	8.0270e-02	2.7906e-02
0.1018	7.9307e-02	2.7782e-02
0.1016	7.8025e-02	2.7538e-02
0.1013	7.7210e-02	2.7256e-02
0.1010	7.9197e-02	2.7272e-02
0.1007	7.7354e-02	2.7278e-02
0.1004	7.6978e-02	2.6939e-02
0.1001	7.9273e-02	2.6901e-02
0.0999	8.0588e-02	2.7232e-02
0.0996	8.2707e-02	2.7139e-02
0.0993	8.2298e-02	2.7151e-02
0.0990	8.0774e-02	2.7190e-02
0.0987	7.8486e-02	2.7123e-02
0.0985	7.5839e-02	2.6770e-02
0.0982	7.5768e-02	2.6776e-02
0.0979	7.8560e-02	2.6822e-02
0.0976	8.1789e-02	2.6928e-02
0.0973	8.2151e-02	2.6982e-02
0.0971	8.2459e-02	2.7570e-02
0.0968	8.4551e-02	2.7841e-02
0.0965	8.3823e-02	2.7647e-02
0.0962	8.0751e-02	2.7726e-02
0.0959	8.3185e-02	2.7882e-02
0.0957	8.2690e-02	2.7911e-02
0.0954	8.4159e-02	2.7811e-02
0.0951	8.6039e-02	2.7986e-02
0.0948	8.6319e-02	2.7930e-02
0.0945	8.5310e-02	2.7625e-02
0.0943	8.2292e-02	2.7563e-02
0.0940	8.3469e-02	2.7241e-02
0.0937	8.6103e-02	2.6922e-02
0.0934	8.3819e-02	2.7046e-02
0.0931	8.4974e-02	2.7220e-02
0.0929	8.6099e-02	2.7441e-02
0.0926	8.8885e-02	2.7866e-02
0.0923	8.8249e-02	2.7576e-02
0.0920	8.4473e-02	2.7148e-02
0.0917	8.3078e-02	2.7035e-02
0.0914	8.4804e-02	2.7151e-02
0.0912	8.7669e-02	2.7324e-02
0.0909	9.0007e-02	2.7356e-02
0.0906	9.4548e-02	2.7343e-02
0.0903	9.0536e-02	2.7185e-02
0.0900	8.8329e-02	2.6955e-02
0.0898	8.8499e-02	2.7327e-02
0.0895	8.7263e-02	2.7431e-02
0.0892	8.8075e-02	2.7500e-02
0.0889	8.3423e-02	2.7656e-02
0.0886	8.4974e-02	2.7801e-02
0.0884	9.0544e-02	2.7618e-02
0.0881	9.1053e-02	2.7630e-02
0.0878	8.9948e-02	2.7610e-02
0.0875	8.8651e-02	2.7904e-02
0.0872	8.8940e-02	2.8058e-02
0.0870	9.0959e-02	2.7835e-02
0.0867	9.1848e-02	2.7605e-02
0.0864	9.3792e-02	2.7718e-02
0.0861	9.5115e-02	2.7883e-02
0.0858	9.4844e-02	2.7678e-02
0.0856	9.5088e-02	2.7862e-02
0.0853	9.1651e-02	2.8006e-02
0.0850	9.5877e-02	2.8252e-02
0.0847	9.3667e-02	2.8012e-02
0.0844	9.2273e-02	2.7981e-02
0.0842	9.4363e-02	2.7711e-02
0.0839	9.4079e-02	2.7534e-02
0.0836	9.7038e-02	2.7614e-02
0.0833	1.0004e-01	2.7724e-02
0.0830	1.0085e-01	2.7366e-02
0.0827	1.0334e-01	2.7650e-02
0.0825	1.0260e-01	2.7841e-02
0.0822	1.0212e-01	2.7703e-02
0.0819	9.5606e-02	2.7338e-02
0.0816	9.3065e-02	2.7184e-02
0.0813	9.6019e-02	2.7361e-02
0.0811	9.7921e-02	2.7585e-02
0.0808	9.5634e-02	2.7788e-02
0.0805	9.4431e-02	2.7682e-02
0.0802	9.2811e-02	2.7706e-02
0.0799	8.9984e-02	2.7970e-02
0.0797	9.2362e-02	2.8332e-02
0.0794	9.4000e-02	2.8374e-02
0.0791	9.6697e-02	2.8272e-02
0.0788	9.7123e-02	2.7820e-02
0.0785	9.6739e-02	2.7767e-02
0.0783	9.8816e-02	2.8046e-02
0.0780	1.0236e-01	2.8349e-02
0.0777	1.0384e-01	2.8143e-02
0.0774	1.0369e-01	2.8082e-02
0.0771	9.5415e-02	2.8076e-02
0.0769	9.4057e-02	2.7639e-02
0.0766	9.8278e-02	2.7632e-02
0.0763	1.0185e-01	2.8232e-02
0.0760	1.0207e-01	2.8748e-02
0.0757	9.6859e-02	2.8540e-02
0.0755	9.5763e-02	2.8317e-02
0.0752	9.8415e-02	2.7954e-02
0.0749	9.6454e-02	2.7715e-02
0.0746	9.2742e-02	2.7561e-02
0.0743	9.3256e-02	2.7212e-02
0.0740	9.2831e-02	2.7058e-02
0.0738	9.3271e-02	2.7133e-02
0.0735	9.2229e-02	2.7432e-02
0.0732	9.6924e-02	2.7799e-02
0.0729	1.0003e-01	2.8122e-02
0.0726	1.0119e-01	2.8243e-02
0.0724	1.0446e-01	2.8126e-02
0.0721	1.0531e-01	2.8269e-02
0.0718	1.0335e-01	2.8112e-02
0.0715	1.0225e-01	2.7994e-02
0.0712	1.0021e-01	2.8330e-02
0.0710	1.0056e-01	2.8985e-02
0.0707	1.0215e-01	2.9173e-02
0.0704	1.0798e-01	2.9507e-02
0.0701	1.1012e-01	2.9249e-02
0.0698	1.0750e-01	2.8772e-02
0.0696	1.0701e-01	2.8662e-02
0.0693	1.1143e-01	2.8817e-02
0.0690	1.1524e-01	2.9062e-02
0.0687	1.1224e-01	2.9140e-02
0.0684	1.1056e-01	2.8828e-02
0.0682	1.1134e-01	2.8903e-02
0.0679	1.0963e-01	2.8948e-02
0.0676	1.0740e-01	2.9175e-02
0.0673	1.1136e-01	2.8811e-02
0.0670	1.1470e-01	2.8421e-02
0.0667	1.1614e-01	2.8407e-02
0.0665	1.1559e-01	2.8019e-02
0.0662	1.1452e-01	2.7838e-02
0.0659	1.1121e-01	2.7561e-02
0.0656	1.0970e-01	2.7409e-02
0.0653	1.1050e-01	2.7682e-02
0.0651	1.1239e-01	2.7760e-02
0.0648	1.1310e-01	2.7877e-02
0.0645	1.0891e-01	2.7785e-02
0.0642	1.0880e-01	2.8128e-02
0.0639	1.0783e-01	2.8178e-02
0.0637	1.0812e-01	2.8188e-02
0.0634	1.0950e-01	2.8088e-02
0.0631	1.0945e-01	2.8097e-02
0.0628	1.1232e-01	2.8199e-02
0.0625	1.1264e-01	2.8208e-02
0.0623	1.0560e-01	2.8007e-02
0.0620	9.9572e-02	2.8205e-02
0.0617	1.0134e-01	2.8427e-02
0.0614	1.0282e-01	2.8443e-02
0.0611	1.0385e-01	2.8077e-02
0.0609	1.0613e-01	2.7765e-02
0.0606	1.0802e-01	2.8166e-02
0.0603	1.0897e-01	2.8982e-02
0.0600	1.1038e-01	2.8840e-02
0.0597	1.0858e-01	2.7982e-02
0.0595	1.0736e-01	2.7594e-02
0.0592	1.0466e-01	2.7354e-02
0.0589	1.0513e-01	2.7725e-02
0.0586	1.0442e-01	2.8129e-02
0.0583	1.0691e-01	2.8437e-02
0.0580	1.0682e-01	2.8516e-02
0.0578	1.0879e-01	2.8513e-02
0.0575	1.0882e-01	2.8868e-02
0.0572	1.1079e-01	2.8676e-02
0.0569	1.1206e-01	2.8651e-02
0.0566	1.1152e-01	2.9114e-02
0.0564	1.0875e-01	2.8925e-02
0.0561	1.0588e-01	2.8832e-02
0.0558	1.0852e-01	2.9163e-02
0.0555	1.0506e-01	2.8772e-02
0.0552	1.0823e-01	2.8684e-02
0.0550	1.0972e-01	2.8785e-02
0.0547	1.1327e-01	2.8332e-02
0.0544	1.1165e-01	2.8062e-02
0.0541	1.0971e-01	2.8040e-02
0.0538	1.0868e-01	2.7605e-02
0.0536	1.0710e-01	2.7590e-02
0.0533	1.0609e-01	2.8009e-02
0.0530	1.0867e-01	2.8331e-02
0.0527	1.1252e-01	2.8489e-02
0.0524	1.1105e-01	2.8483e-02
0.0522	1.1114e-01	2.8516e-02
0.0519	1.0967e-01	2.8479e-02
0.0516	1.0386e-01	2.8262e-02
0.0513	1.0342e-01	2.7687e-02
0.0510	1.0699e-01	2.8014e-02
0.0508	1.0869e-01	2.8228e-02
0.0505	1.1068e-01	2.8284e-02
0.0502	1.1170e-01	2.8157e-02
0.0499	1.1387e-01	2.8006e-02
0.0496	1.1449e-01	2.7977e-02
0.0493	1.1037e-01	2.8175e-02
0.0491	1.1007e-01	2.8329e-02
0.0488	1.1262e-01	2.8770e-02
0.0485	1.1469e-01	2.8948e-02
0.0482	1.1417e-01	2.9227e-02
0.0479	1.1561e-01	2.9321e-02
0.0477	1.1476e-01	2.9104e-02
0.0474	1.1534e-01	2.9296e-02
0.0471	1.1559e-01	2.9139e-02
0.0468	1.1644e-01	2.9126e-02
0.0465	1.1479e-01	2.8883e-02
0.0463	1.1160e-01	2.8450e-02
0.0460	1.0967e-01	2.8224e-02
0.0457	1.1506e-01	2.8487e-02
0.0454	1.1895e-01	2.8582e-02
0.0451	1.1634e-01	2.8528e-02
0.0449	1.1361e-01	2.8672e-02
0.0446	1.1518e-01	2.8529e-02
0.0443	1.2026e-01	2.8733e-02
0.0440	1.2039e-01	2.9085e-02
0.0437	1.1859e-01	2.9040e-02
0.0435	1.1803e-01	2.8945e-02
0.0432	1.1847e-01	2.8903e-02
0.0429	1.2167e-01	2.9575e-02
0.0426	1.2242e-01	2.9394e-02
0.0423	1.2186e-01	2.9142e-02
0.0420	1.1706e-01	2.8768e-02
0.0418	1.1271e-01	2.8653e-02
0.0415	1.0766e-01	2.8743e-02
0.0412	1.0662e-01	2.8525e-02
0.0409	1.1356e-01	2.8533e-02
0.0406	1.1786e-01	2.8503e-02
0.0404	1.2186e-01	2.9047e-02
0.0401	1.2121e-01	2.9068e-02
0.0398	1.1867e-01	2.8655e-02
0.0395	1.1805e-01	2.8408e-02
0.0392	1.1832e-01	2.8552e-02
0.0390	1.1685e-01	2.8623e-02
0.0387	1.1344e-01	2.8849e-02
0.0384	1.1360e-01	2.8909e-02
0.0381	1.1701e-01	2.9217e-02
0.0378	1.1858e-01	2.9153e-02
0.0376	1.2253e-01	2.9421e-02
0.0373	1.2548e-01	2.9143e-02
0.0370	1.2216e-01	2.8754e-02
0.0367	1.1574e-01	2.8337e-02
0.0364	1.1669e-01	2.8554e-02
0.0362	1.2173e-01	2.8926e-02
0.0359	1.2343e-01	2.8977e-02
0.0356	1.2431e-01	2.8699e-02
0.0353	1.2387e-01	2.8448e-02
0.0350	1.2261e-01	2.8807e-02
0.0348	1.2009e-01	2.9049e-02
0.0345	1.2215e-01	2.9125e-02
0.0342	1.2162e-01	2.9020e-02
0.0339	1.1688e-01	2.8566e-02
0.0336	1.1208e-01	2.8345e-02
0.0333	1.1307e-01	2.8459e-02
0.0331	1.1436e-01	2.8599e-02
0.0328	1.1804e-01	2.8835e-02
0.0325	1.2199e-01	2.9244e-02
0.0322	1.2246e-01	2.9293e-02
0.0319	1.2009e-01	2.9243e-02
0.0317	1.1868e-01	2.8847e-02
0.0314	1.1913e-01	2.8872e-02
0.0311	1.1574e-01	2.8914e-02
0.0308	1.1716e-01	2.8736e-02
0.0305	1.2354e-01	2.8903e-02
0.0303	1.2041e-01	2.8892e-02
0.0300	1.1847e-01	2.8496e-02
0.0297	1.1802e-01	2.8310e-02
0.0294	1.2220e-01	2.8587e-02
0.0291	1.2026e-01	2.8846e-02
0.0289	1.1997e-01	2.8620e-02
0.0286	1.2368e-01	2.8836e-02
0.0283	1.2625e-01	2.8627e-02
0.0280	1.2176e-01	2.8256e-02
0.0277	1.1629e-01	2.8212e-02
0.0275	1.0983e-01	2.8281e-02
0.0272	1.1107e-01	2.8547e-02
0.0269	1.1370e-01	2.8789e-02
0.0266	1.1448e-01	2.9030e-02
0.0263	1.2137e-01	2.9166e-02
0.0261	1.2872e-01	2.9071e-02
0.0258	1.3118e-01	2.8814e-02
0.0255	1.2979e-01	2.8872e-02
0.0252	1.2800e-01	2.9148e-02
0.0249	1.2480e-01	2.8799e-02
0.0246	1.2342e-01	2.9018e-02
0.0244	1.2271e-01	2.9008e-02
0.0241	1.2342e-01	2.9121e-02
0.0238	1.2489e-01	2.9338e-02
0.0235	1.2651e-01	2.9596e-02
0.0232	1.2708e-01	2.9468e-02
0.0230	1.2528e-01	2.9304e-02
0.0227	1.2408e-01	2.9320e-02
0.0224	1.2377e-01	2.9224e-02
0.0221	1.2446e-01	2.9063e-02
0.0218	1.2386e-01	2.9364e-02
0.0216	1.2530e-01	2.9702e-02
0.0213	1.2471e-01	2.9017e-02
0.0210	1.2391e-01	2.8575e-02
0.0207	1.2372e-01	2.8447e-02
0.0204	1.2391e-01	2.8598e-02
0.0202	1.2863e-01	2.8888e-02
0.0199	1.2801e-01	2.9052e-02
0.0196	1.2899e-01	2.8989e-02
0.0193	1.3029e-01	2.9383e-02
0.0190	1.3479e-01	2.9580e-02
0.0188	1.3485e-01	2.9671e-02
0.0185	1.3166e-01	2.9725e-02
0.0182	1.2913e-01	2.9756e-02
0.0179	1.2677e-01	3.0085e-02
0.0176	1.2651e-01	2.9702e-02
0.0174	1.2912e-01	2.9490e-02
0.0171	1.3011e-01	2.9309e-02
0.0168	1.2842e-01	2.9414e-02
0.0165	1.2589e-01	2.9489e-02
0.0162	1.2638e-01	2.9231e-02
0.0159	1.2516e-01	2.9279e-02
0.0157	1.2742e-01	2.9145e-02
0.0154	1.2973e-01	2.9451e-02
0.0151	1.2938e-01	2.9574e-02
0.0148	1.3028e-01	2.9626e-02
0.0145	1.3098e-01	3.0109e-02
0.0143	1.3417e-01	3.0058e-02
0.0140	1.3683e-01	2.9744e-02
0.0137	1.3745e-01	2.9666e-02
0.0134	1.3645e-01	2.9530e-02
0.0131	1.3445e-01	2.9500e-02
0.0129	1.3747e-01	2.9837e-02
0.0126	1.3411e-01	2.9883e-02
0.0123	1.3263e-01	2.9992e-02
0.0120	1.3113e-01	2.9721e-02
0.0117	1.3424e-01	2.9945e-02
0.0115	1.3979e-01	2.9923e-02
0.0112	1.4051e-01	3.0080e-02
0.0109	1.3866e-01	3.0089e-02
0.0106	1.3700e-01	2.9853e-02
0.0103	1.3862e-01	2.9787e-02
0.0101	1.3980e-01	2.9620e-02
0.0098	1.4032e-01	2.9690e-02
0.0095	1.4031e-01	2.9690e-02
0.0092	1.3885e-01	2.9619e-02
0.0089	1.3907e-01	2.9505e-02
0.0086	1.4213e-01	2.9671e-02
0.0084	1.4369e-01	2.9637e-02
0.0081	1.4628e-01	2.9742e-02
0.0078	1.4928e-01	2.9479e-02
0.0075	1.5110e-01	3.0125e-02
0.0072	1.4822e-01	2.9878e-02
0.0070	1.4169e-01	2.9185e-02
0.0067	1.3392e-01	2.8804e-02
0.0064	1.1877e-01	2.8328e-02
0.0061	1.0323e-01	2.7963e-02
0.0058	8.3124e-02	2.7149e-02
0.0056	6.9280e-02	2.5711e-02
0.0053	5.9445e-02	2.4712e-02
0.0050	4.8743e-02	2.4052e-02
0.0047	3.7711e-02	2.3282e-02
0.0044	3.0904e-02	2.2874e-02
0.0042	2.7872e-02	2.2805e-02
0.0039	2.4629e-02	2.2777e-02
0.0036	2.1482e-02	2.2591e-02
0.0033	1.4558e-02	2.1997e-02
0.0030	1.2538e-02	2.1511e-02
0.0028	1.2256e-02	2.1030e-02
0.0025	1.5005e-02	2.0426e-02
0.0022	1.8373e-02	2.0266e-02
0.0019	1.9480e-02	1.9601e-02
0.0016	2.0346e-02	1.9007e-02
0.0014	2.0574e-02	1.8460e-02
0.0011	1.8925e-02	1.7794e-02
0.0008	1.5396e-02	1.7133e-02
0.0005	1.4451e-02	1.6314e-02
0.0002	1.3949e-02	1.5867e-02
-0.0001	1.2954e-02	1.5138e-02
-0.0003	1.2174e-02	1.4844e-02
-0.0006	1.0937e-02	1.5433e-02
-0.0009	1.0469e-02	1.4982e-02
-0.0012	1.0462e-02	1.5024e-02
-0.0015	1.0115e-02	1.3939e-02
-0.0017	9.9322e-03	1.4358e-02
-0.0020	1.0045e-02	1.4227e-02
-0.0023	9.1429e-03	1.4225e-02
-0.0026	7.1406e-03	1.4441e-02
-0.0029	6.1004e-03	1.4511e-02
-0.0031	6.5023e-03	1.4644e-02
-0.0034	7.5023e-03	1.4363e-02
-0.0037	6.4272e-03	1.4532e-02
-0.0040	6.1482e-03	1.2972e-02
-0.0043	5.6487e-03	1.3099e-02
-0.0045	5.4619e-03	1.3182e-02
-0.0048	4.8499e-03	1.2810e-02
-0.0051	5.6511e-03	1.3202e-02
-0.0054	5.1071e-03	1.2623e-02
-0.0057	5.6436e-03	1.1883e-02
-0.0059	4.8253e-03	1.2573e-02
-0.0062	4.4736e-03	1.3513e-02
-0.0065	3.3210e-03	1.2095e-02
-0.0068	3.1693e-03	1.1512e-02
-0.0071	3.9600e-03	1.2544e-02
-0.0073	3.6935e-03	1.2662e-02
-0.0076	4.3867e-03	1.2329e-02
-0.0079	3.9805e-03	1.1527e-02
-0.0082	3.5066e-03	9.4052e-03
-0.0085	3.2757e-03	1.0798e-02
-0.0088	2.9780e-03	1.1199e-02
-0.0090	3.3772e-03	1.2036e-02
-0.0093	3.3621e-03	1.1387e-02
-0.0096	3.3720e-03	1.1424e-02
-0.0099	2.8920e-03	1.0895e-02
-0.0102	2.9355e-03	1.2481e-02
-0.0104	2.9269e-03	1.1592e-02
-0.0107	3.1365e-03	1.1094e-02
-0.0110	3.1307e-03	1.0760e-02
-0.0113	3.2234e-03	1.0766e-02
-0.0116	2.6316e-03	9.1748e-03
-0.0118	2.6725e-03	9.3521e-03
-0.0121	3.7795e-03	1.1120e-02
-0.0124	3.6357e-03	1.1094e-02
-0.0127	3.3037e-03	1.1047e-02
-0.0130	3.4757e-03	1.1883e-02
-0.0132	3.5477e-03	1.1499e-02
-0.0135	3.1292e-03	1.0859e-02
-0.0138	3.2220e-03	1.2231e-02
-0.0141	3.2605e-03	1.3057e-02
-0.0144	3.0405e-03	1.3375e-02
-0.0146	2.3205e-03	1.1964e-02
-0.0149	2.2283e-03	1.1043e-02
-0.0152	2.6540e-03	1.1322e-02
-0.0155	2.4371e-03	1.0964e-02
-0.0158	2.1411e-03	9.5333e-03
-0.0160	2.0371e-03	9.3685e-03
-0.0163	1.7491e-03	8.6805e-03
-0.0166	1.9833e-03	9.9915e-03
-0.0169	1.8320e-03	9.6399e-03
-0.0172	2.5912e-03	1.0544e-02
-0.0175	2.7928e-03	9.2874e-03
-0.0177	2.6321e-03	9.2011e-03
-0.0180	2.7798e-03	1.0202e-02
-0.0183	2.4151e-03	8.6419e-03
-0.0186	2.1506e-03	9.2157e-03
-0.0189	2.2291e-03	9.5039e-03
-0.0191	2.1635e-03	1.0400e-02
-0.0194	2.4477e-03	1.1218e-02
-0.0197	2.1714e-03	9.1467e-03
-0.0200	2.2433e-03	8.0445e-03
-0.0203	1.9178e-03	9.2001e-03
-0.0205	1.9381e-03	1.0641e-02
-0.0208	2.0502e-03	9.1129e-03
-0.0211	1.6644e-03	8.5824e-03
-0.0214	1.5862e-03	8.1946e-03
-0.0217	1.5650e-03	9.8661e-03
-0.0219	1.2425e-03	9.5721e-03
-0.0222	1.3379e-03	1.1174e-02
-0.0225	1.5580e-03	1.0299e-02
-0.0228	2.0325e-03	1.1124e-02
-0.0231	1.8610e-03	1.0747e-02
-0.0233	2.0785e-03	1.0556e-02
-0.0236	1.5957e-03	9.0852e-03
-0.0239	1.6345e-03	9.1662e-03
-0.0242	2.0181e-03	9.7186e-03
-0.0245	1.7531e-03	9.7203e-03
-0.0248	1.8690e-03	9.5954e-03
-0.0250	1.7204e-03	9.5467e-03
-0.0253	1.3755e-03	8.0667e-03
-0.0256	1.3754e-03	8.4432e-03
-0.0259	1.4023e-03	9.4012e-03
-0.0262	1.1411e-03	9.7385e-03
-0.0264	1.0904e-03	9.8564e-03
-0.0267	1.7735e-03	1.0288e-02
-0.0270	1.5174e-03	1.1087e-02
-0.0273	1.8265e-03	1.0622e-02
-0.0276	2.0066e-03	1.0873e-02
-0.0278	1.6824e-03	9.9255e-03
-0.0281	1.4966e-03	1.0438e-02
-0.0284	1.9051e-03	1.1011e-02
-0.0287	1.6126e-03	1.0694e-02
-0.0290	1.6456e-03	1.0729e-02
-0.0292	1.3365e-03	1.0493e-02
-0.0295	1.6999e-03	1.2991e-02
-0.0298	1.6524e-03	1.1032e-02
-0.0301	1.4249e-03	9.7153e-03
-0.0304	1.7280e-03	8.9636e-03
-0.0306	1.6020e-03	8.9988e-03
-0.0309	1.5226e-03	9.3451e-03
-0.0312	1.9074e-03	9.0071e-03
-0.0315	1.7728e-03	8.8058e-03
-0.0318	1.7302e-03	8.2332e-03
-0.0320	1.2119e-03	1.0263e-02
-0.0323	9.6561e-04	9.9176e-03
-0.0326	1.2689e-03	1.0652e-02
-0.0329	1.4378e-03	1.0237e-02
-0.0332	1.1300e-03	9.1264e-03
-0.0335	1.1670e-03	9.8301e-03
-0.0337	1.6983e-03	1.1014e-02
-0.0340	1.7849e-03	1.0163e-02
-0.0343	1.2169e-03	7.9590e-03
-0.0346	1.0208e-03	9.1301e-03
-0.0349	1.3505e-03	8.8798e-03
-0.0351	1.5652e-03	8.8858e-03
-0.0354	1.4692e-03	8.8640e-03
-0.0357	1.4586e-03	8.3146e-03
-0.0360	1.3306e-03	8.2526e-03
-0.0363	1.2350e-03	9.1400e-03
-0.0365	1.4969e-03	9.7693e-03
-0.0368	1.3631e-03	9.3964e-03
-0.0371	1.5212e-03	1.0090e-02
-0.0374	1.3580e-03	9.9175e-03
