# Scattering components extracted on Sun Apr  8 03:28:32 2018
# Data files used for the the scattering components calculations are:
# Y:/ChemMat/Beamline Operations/15IDD/SAXS/Tianbo_Collab/SAXS_simulations/Silica_Coated_Gold/AuSiO_11.817_keV.txt
# Y:/ChemMat/Beamline Operations/15IDD/SAXS/Tianbo_Collab/SAXS_simulations/Silica_Coated_Gold/AuSiO_11.867_keV.txt
# Y:/ChemMat/Beamline Operations/15IDD/SAXS/Tianbo_Collab/SAXS_simulations/Silica_Coated_Gold/AuSiO_11.917_keV.txt
# Q 	 SAXS 	 Cross 	 Resonant
1.000000e-03 	 1.295811e+16 	 2.947382e+13 	 1.577902e+11
2.808081e-03 	 1.144323e+16 	 2.741251e+13 	 1.454369e+11
4.616162e-03 	 8.940811e+15 	 2.375443e+13 	 1.247637e+11
6.424242e-03 	 6.124439e+15 	 1.910243e+13 	 1.008918e+11
8.232323e-03 	 3.622345e+15 	 1.415719e+13 	 7.865892e+10
1.004040e-02 	 1.806525e+15 	 9.562318e+12 	 6.103572e+10
1.184848e-02 	 7.333734e+14 	 5.786081e+12 	 4.865778e+10
1.365657e-02 	 2.314166e+14 	 3.064268e+12 	 4.044492e+10
1.546465e-02 	 5.566284e+13 	 1.405199e+12 	 3.472327e+10
1.727273e-02 	 1.338745e+13 	 6.408924e+11 	 3.015146e+10
1.908081e-02 	 9.496559e+12 	 5.018621e+11 	 2.606719e+10
2.088889e-02 	 2.118325e+13 	 6.946352e+11 	 2.231951e+10
2.269697e-02 	 4.839604e+13 	 9.662781e+11 	 1.892196e+10
2.450505e-02 	 8.240178e+13 	 1.145810e+12 	 1.583204e+10
2.631313e-02 	 1.048470e+14 	 1.157926e+12 	 1.294648e+10
2.812121e-02 	 1.027166e+14 	 1.010605e+12 	 1.020625e+10
2.992929e-02 	 7.839127e+13 	 7.644752e+11 	 7.661739e+09
3.173737e-02 	 4.594868e+13 	 4.961481e+11 	 5.436872e+09
3.354545e-02 	 1.961847e+13 	 2.678707e+11 	 3.638470e+09
3.535354e-02 	 5.314958e+12 	 1.115001e+11 	 2.292460e+09
3.716162e-02 	 5.739771e+11 	 2.803710e+10 	 1.345975e+09
3.896970e-02 	 -8.523559e+09 	 -1.940096e+09 	 7.127175e+08
4.077778e-02 	 4.200312e+10 	 -4.227952e+09 	 3.147849e+08
4.258586e-02 	 2.088788e+08 	 3.304401e+08 	 9.519597e+07
4.439394e-02 	 1.837072e+11 	 1.216138e+09 	 8.965131e+06
4.620202e-02 	 4.621174e+11 	 -2.308458e+09 	 1.409960e+07
4.801010e-02 	 3.896715e+11 	 -5.464182e+09 	 7.293541e+07
4.981818e-02 	 4.943712e+10 	 -3.084700e+09 	 1.579041e+08
5.162626e-02 	 1.765111e+11 	 6.732192e+09 	 2.519250e+08
5.343434e-02 	 1.347229e+12 	 2.161643e+10 	 3.422245e+08
5.524242e-02 	 3.224451e+12 	 3.638849e+10 	 4.148174e+08
5.705051e-02 	 4.733465e+12 	 4.579261e+10 	 4.557878e+08
5.885859e-02 	 4.971659e+12 	 4.694235e+10 	 4.576087e+08
6.066667e-02 	 3.918939e+12 	 4.032620e+10 	 4.234886e+08
6.247475e-02 	 2.323473e+12 	 2.911845e+10 	 3.652139e+08
6.428283e-02 	 1.006532e+12 	 1.741503e+10 	 2.965222e+08
6.609091e-02 	 3.048466e+11 	 8.418715e+09 	 2.275907e+08
6.789899e-02 	 6.971995e+10 	 3.410658e+09 	 1.639783e+08
6.970707e-02 	 2.891856e+10 	 1.789575e+09 	 1.087112e+08
7.151515e-02 	 5.547072e+10 	 1.904959e+09 	 6.412612e+07
7.332323e-02 	 1.400430e+11 	 2.122705e+09 	 3.182515e+07
7.513131e-02 	 2.394528e+11 	 1.596821e+09 	 1.183281e+07
7.693939e-02 	 2.515837e+11 	 4.707081e+08 	 2.667054e+06
7.874747e-02 	 1.387357e+11 	 -4.620523e+08 	 2.448902e+06
8.055556e-02 	 1.285126e+10 	 -3.733837e+08 	 9.715794e+06
8.236364e-02 	 4.755048e+10 	 1.056801e+09 	 2.300433e+07
8.417172e-02 	 2.994602e+11 	 3.439536e+09 	 3.983784e+07
8.597980e-02 	 6.338496e+11 	 5.883506e+09 	 5.652791e+07
8.778788e-02 	 8.356946e+11 	 7.457745e+09 	 6.931995e+07
8.959596e-02 	 7.907053e+11 	 7.639733e+09 	 7.595742e+07
9.140404e-02 	 5.605273e+11 	 6.517069e+09 	 7.632064e+07
9.321212e-02 	 3.003701e+11 	 4.670574e+09 	 7.175210e+07
9.502020e-02 	 1.238724e+11 	 2.842637e+09 	 6.387619e+07
9.682828e-02 	 4.576556e+10 	 1.586848e+09 	 5.393801e+07
9.863636e-02 	 2.616217e+10 	 1.069262e+09 	 4.290286e+07
1.004444e-01 	 3.638033e+10 	 1.086436e+09 	 3.177097e+07
1.022525e-01 	 7.140251e+10 	 1.251152e+09 	 2.156642e+07
1.040606e-01 	 1.179292e+11 	 1.228819e+09 	 1.304761e+07
1.058687e-01 	 1.397024e+11 	 9.045757e+08 	 6.565431e+06
1.076768e-01 	 1.085065e+11 	 4.109253e+08 	 2.260514e+06
1.094848e-01 	 4.275272e+10 	 2.016388e+07 	 3.214422e+05
1.112929e-01 	 7.605166e+08 	 -2.844119e+07 	 9.313676e+05
1.131010e-01 	 2.809167e+10 	 3.306479e+08 	 3.915592e+06
1.149091e-01 	 1.126575e+11 	 9.539321e+08 	 8.490624e+06
1.167172e-01 	 1.944288e+11 	 1.569949e+09 	 1.344762e+07
1.185253e-01 	 2.186159e+11 	 1.923161e+09 	 1.766381e+07
1.203333e-01 	 1.784071e+11 	 1.897587e+09 	 2.051758e+07
1.221414e-01 	 1.098297e+11 	 1.557083e+09 	 2.191094e+07
1.239495e-01 	 5.309396e+10 	 1.091512e+09 	 2.199802e+07
1.257576e-01 	 2.348630e+10 	 7.087320e+08 	 2.094421e+07
1.275657e-01 	 1.477897e+10 	 5.337337e+08 	 1.890268e+07
1.293737e-01 	 1.926475e+10 	 5.630029e+08 	 1.611008e+07
1.311818e-01 	 3.601198e+10 	 6.880605e+08 	 1.290442e+07
1.329899e-01 	 6.126012e+10 	 7.674215e+08 	 9.621706e+06
1.347980e-01 	 7.998257e+10 	 7.061626e+08 	 6.505518e+06
1.366061e-01 	 7.496257e+10 	 5.029632e+08 	 3.743377e+06
1.384141e-01 	 4.529959e+10 	 2.436128e+08 	 1.569302e+06
1.402222e-01 	 1.182263e+10 	 4.831888e+07 	 2.727054e+05
1.420303e-01 	 2.720895e+08 	 3.916031e+06 	 5.589512e+04
1.438384e-01 	 1.818676e+10 	 1.186176e+08 	 8.653066e+05
1.456465e-01 	 4.888520e+10 	 3.224179e+08 	 2.370557e+06
1.474545e-01 	 6.776170e+10 	 5.093434e+08 	 4.124656e+06
1.492626e-01 	 6.341656e+10 	 5.948596e+08 	 5.766534e+06
1.510707e-01 	 4.348401e+10 	 5.560876e+08 	 7.106185e+06
1.528788e-01 	 2.308479e+10 	 4.355462e+08 	 8.068481e+06
1.546869e-01 	 1.100097e+10 	 3.109344e+08 	 8.603672e+06
1.564949e-01 	 7.106358e+09 	 2.506362e+08 	 8.666978e+06
1.583030e-01 	 9.232876e+09 	 2.790631e+08 	 8.260123e+06
1.601111e-01 	 1.780270e+10 	 3.679540e+08 	 7.454868e+06
1.619192e-01 	 3.238679e+10 	 4.553718e+08 	 6.358113e+06
1.637273e-01 	 4.653917e+10 	 4.806607e+08 	 5.064056e+06
1.655354e-01 	 5.005245e+10 	 4.166746e+08 	 3.657736e+06
1.673434e-01 	 3.818865e+10 	 2.828626e+08 	 2.264972e+06
1.691515e-01 	 1.779323e+10 	 1.332461e+08 	 1.075925e+06
1.709596e-01 	 2.532040e+09 	 2.685282e+07 	 2.895939e+05
1.727677e-01 	 1.234939e+09 	 -2.557439e+06 	 1.397555e+04
1.745758e-01 	 1.089856e+10 	 3.894588e+07 	 2.108503e+05
1.763838e-01 	 2.084388e+10 	 1.132430e+08 	 7.338693e+05
1.781919e-01 	 2.291040e+10 	 1.739611e+08 	 1.419768e+06
1.800000e-01 	 1.730008e+10 	 1.917780e+08 	 2.151421e+06
