5.000000000E+000 4.132549000E+006
1.000000000E+001 4.126996000E+006
1.500000000E+001 4.122817500E+006
2.000000000E+001 4.125717750E+006
2.500000000E+001 4.122283000E+006
3.000000000E+001 4.119056250E+006
3.500000000E+001 4.125214250E+006
4.000000000E+001 4.119295750E+006
4.500000000E+001 4.121506000E+006
5.000000000E+001 4.119506250E+006
5.500000000E+001 4.115606500E+006
6.000000000E+001 4.117494750E+006
6.500000000E+001 4.115340750E+006
7.000000000E+001 4.113739500E+006
7.500000000E+001 4.116938500E+006
8.000000000E+001 4.111992750E+006
8.500000000E+001 4.110107250E+006
9.000000000E+001 4.113329500E+006
9.500000000E+001 4.105841750E+006
1.000000000E+002 4.113208500E+006
1.050000000E+002 4.110506250E+006
1.100000000E+002 4.108029000E+006
1.150000000E+002 4.109435500E+006
1.200000000E+002 4.107824750E+006
1.300000000E+002 4.105079250E+006
1.350000000E+002 4.105265750E+006
1.450000000E+002 4.105941750E+006
1.500000000E+002 4.103339750E+006
1.600000000E+002 4.102996750E+006
1.650000000E+002 4.102647750E+006
1.750000000E+002 4.102329750E+006
1.850000000E+002 4.097034250E+006
1.950000000E+002 4.095771750E+006
2.050000000E+002 4.093092250E+006
2.150000000E+002 4.090700000E+006
2.300000000E+002 4.091643000E+006
2.400000000E+002 4.094381750E+006
2.550000000E+002 4.087181250E+006
2.700000000E+002 4.090409750E+006
2.800000000E+002 4.081776750E+006
3.000000000E+002 4.081356250E+006
3.150000000E+002 4.077931250E+006
3.300000000E+002 4.076204250E+006
3.500000000E+002 4.074413000E+006
3.650000000E+002 4.076106750E+006
3.850000000E+002 4.072004500E+006
4.050000000E+002 4.068577250E+006
4.300000000E+002 4.061453250E+006
4.500000000E+002 4.060943750E+006
4.750000000E+002 4.057410000E+006
5.000000000E+002 4.059267000E+006
5.300000000E+002 4.046889250E+006
5.600000000E+002 4.048881000E+006
5.900000000E+002 4.042520500E+006
6.200000000E+002 4.038182250E+006
6.550000000E+002 4.033810500E+006
6.900000000E+002 4.031774500E+006
7.250000000E+002 4.033865000E+006
7.650000000E+002 4.024926250E+006
8.050000000E+002 4.022029500E+006
8.500000000E+002 4.019999750E+006
8.950000000E+002 4.011042000E+006
9.400000000E+002 4.009248250E+006
9.950000000E+002 4.005918000E+006
1.045000000E+003 4.002652500E+006
1.100000000E+003 3.994474250E+006
1.160000000E+003 3.991868750E+006
1.225000000E+003 3.985355750E+006
1.290000000E+003 3.979755750E+006
1.360000000E+003 3.974537750E+006
1.435000000E+003 3.975228250E+006
1.510000000E+003 3.969338750E+006
1.590000000E+003 3.965340000E+006
1.675000000E+003 3.958581000E+006
1.765000000E+003 3.953326000E+006
1.860000000E+003 3.947678250E+006
1.960000000E+003 3.945814250E+006
2.065000000E+003 3.940210500E+006
2.180000000E+003 3.938205500E+006
2.295000000E+003 3.932908500E+006
2.420000000E+003 3.927577250E+006
2.550000000E+003 3.921273500E+006
2.685000000E+003 3.915663750E+006
2.830000000E+003 3.915492000E+006
2.985000000E+003 3.910916000E+006
3.145000000E+003 3.907910500E+006
3.310000000E+003 3.907283500E+006
3.490000000E+003 3.900908250E+006
3.680000000E+003 3.903341750E+006
3.875000000E+003 3.899473000E+006
4.085000000E+003 3.891854000E+006
4.305000000E+003 3.892896250E+006
4.535000000E+003 3.893615000E+006
4.780000000E+003 3.895455250E+006
5.035000000E+003 3.890336750E+006
5.305000000E+003 3.889995750E+006
5.595000000E+003 3.889016750E+006
5.895000000E+003 3.888786500E+006
6.210000000E+003 3.885464000E+006
6.545000000E+003 3.887862500E+006
6.895000000E+003 3.887379500E+006
7.270000000E+003 3.884654000E+006
7.660000000E+003 3.880283750E+006
8.070000000E+003 3.880428000E+006
8.505000000E+003 3.878210500E+006
8.960000000E+003 3.878857000E+006
9.445000000E+003 3.878356250E+006
9.950000000E+003 3.878122250E+006
1.048500000E+004 3.880054500E+006
1.105000000E+004 3.875034250E+006
1.164500000E+004 3.873942250E+006
1.227000000E+004 3.876686500E+006
1.293000000E+004 3.874332250E+006
1.362500000E+004 3.878931500E+006
1.436000000E+004 3.878824250E+006
1.513000000E+004 3.879387750E+006
1.594500000E+004 3.877043000E+006
1.680500000E+004 3.878086750E+006
1.771000000E+004 3.879358500E+006
1.866000000E+004 3.877664500E+006
1.966500000E+004 3.881102750E+006
2.072000000E+004 3.877237250E+006
2.183500000E+004 3.882566750E+006
2.301000000E+004 3.884069000E+006
2.424500000E+004 3.883499250E+006
2.555000000E+004 3.878893250E+006
2.692500000E+004 3.879871000E+006
2.837500000E+004 3.879405500E+006
2.990000000E+004 3.884406250E+006
3.151000000E+004 3.884643500E+006
3.320500000E+004 3.884976500E+006
3.499000000E+004 3.890002750E+006
3.687000000E+004 3.890986500E+006
3.885500000E+004 3.890703500E+006
4.094500000E+004 3.887409500E+006
4.314500000E+004 3.888570250E+006
4.546500000E+004 3.886071750E+006
4.791000000E+004 3.892255000E+006
5.048500000E+004 3.892030750E+006
5.320500000E+004 3.888208250E+006
5.606500000E+004 3.886861000E+006
5.908000000E+004 3.886644250E+006
6.225500000E+004 3.877860750E+006
6.560500000E+004 3.880990750E+006
6.913500000E+004 3.880284000E+006
7.285000000E+004 3.877424250E+006
7.677000000E+004 3.873814000E+006
8.090000000E+004 3.875507500E+006
8.520000000E+004 3.870877000E+006
8.980000000E+004 3.872235000E+006
9.460000000E+004 3.872261000E+006
9.980000000E+004 3.868424000E+006
1.052000000E+005 3.870018750E+006
1.108000000E+005 3.871297000E+006
1.168000000E+005 3.870627500E+006
1.230000000E+005 3.869930750E+006
1.296000000E+005 3.870091500E+006
1.366000000E+005 3.868423500E+006
1.440000000E+005 3.870241750E+006
1.516000000E+005 3.870927000E+006
1.598000000E+005 3.870037000E+006
1.684000000E+005 3.870259250E+006
1.776000000E+005 3.870528250E+006
1.870000000E+005 3.870782500E+006
1.972000000E+005 3.867076250E+006
2.078000000E+005 3.867093500E+006
2.188000000E+005 3.867992250E+006
2.306000000E+005 3.865370250E+006
2.430000000E+005 3.865723000E+006
2.562000000E+005 3.865659250E+006
2.700000000E+005 3.864713250E+006
2.844000000E+005 3.865132500E+006
2.998000000E+005 3.866558500E+006
3.158000000E+005 3.864976500E+006
3.328000000E+005 3.864621750E+006
3.508000000E+005 3.864723750E+006
3.696000000E+005 3.865014000E+006
3.894000000E+005 3.861801750E+006
4.104000000E+005 3.865016750E+006
4.324000000E+005 3.864923500E+006
4.558000000E+005 3.865150000E+006
4.802000000E+005 3.862503250E+006
5.060000000E+005 3.863950250E+006
5.334000000E+005 3.861372750E+006
5.620000000E+005 3.861816500E+006
5.922000000E+005 3.860762750E+006
6.240000000E+005 3.860936500E+006
6.576000000E+005 3.860786000E+006
6.930000000E+005 3.860236250E+006
7.302000000E+005 3.858914500E+006
7.696000000E+005 3.859169750E+006
8.110000000E+005 3.858413000E+006
8.546000000E+005 3.859077000E+006
9.006000000E+005 3.859377000E+006
9.490000000E+005 3.858733500E+006
1.000000000E+006 3.859258500E+006
3.999400000E+006 3.813432000E+006
3.999600000E+006 3.813660750E+006
3.999800000E+006 3.813617250E+006
4.000000000E+006 3.813287250E+006
#50NM_Rb
#Unknown Operator
#12/01/17
#12:05:33
